128761,64,512,512,7965.59
132877,64,512,512,8653.66
142349,64,512,512,9756.07
122501,64,512,512,8388.4
657561,256,512,512,25406.4
587093,64,2048,512,13333.7
158760,64,512,512,11151.8
161312,64,512,512,11351.9
154701,64,512,512,10944
163812,64,512,512,11554.3
138452,64,512,512,9756.56
140197,64,512,512,9829.75
139415,64,512,512,9763.15
130440,64,512,512,9184.59
615379,256,512,512,27629.9
552458,64,2048,512,12661.8
122396,64,512,512,8708.73
163814,64,512,512,11475.9
119017,64,512,512,8409.88
156550,64,512,512,10927.2
130692,64,512,512,9247.2
144385,64,512,512,10190
131820,64,512,512,9276.55
133155,64,512,512,9366.28
629035,256,512,512,28088.4
550086,64,2048,512,12528.4
129969,64,512,512,9051.34
164324,64,512,512,11376.7
131426,64,512,512,9072.25
157607,64,512,512,10884.3
132401,64,512,512,9170.51
158040,64,512,512,10990.8
136023,64,512,512,9446.84
146596,64,512,512,10243.8
640824,256,512,512,28720.4
560424,64,2048,512,12769.5
133334,64,512,512,9316.71
165516,64,512,512,11471.4
134172,64,512,512,9317.79
161231,64,512,512,11188.1
128782,64,512,512,8997.56
171580,64,512,512,11938.4
135490,64,512,512,9400.65
157572,64,512,512,11032.6
655737,256,512,512,27726.4
588044,64,2048,512,13398
125661,64,512,512,8867.79
154825,64,512,512,10912.4
127452,64,512,512,8963.54
153730,64,512,512,10847.4
129316,64,512,512,9131.97
176891,64,512,512,12466.7
141501,64,512,512,9962.87
161782,64,512,512,11399.4
673253,256,512,512,30420.1
611291,64,2048,512,13909.6
102691,64,512,512,7252.98
136832,64,512,512,9659.74
105460,64,512,512,7532.42
134494,64,512,512,9484.23
546132,256,512,512,24720.4
478771,64,2048,512,10987
126309,64,512,512,8786.7
127433,64,512,512,8859.59
124950,64,512,512,8722.88
136926,64,512,512,9488.14
512834,256,512,512,23222.1
430911,64,2048,512,10043.4
89535,64,512,512,6397.92
142150,64,512,512,9890.4
83912,64,512,512,6038.73
126151,64,512,512,8760.95
526135,256,512,512,23741.7
434134,64,2048,512,9973.28
100634,64,512,512,7073.74
132334,64,512,512,9141.04
96583,64,512,512,6779.82
120956,64,512,512,8551.14
527460,256,512,512,23677.5
428269,64,2048,512,9876.51
103808,64,512,512,7225.73
127274,64,512,512,8823.43
102659,64,512,512,7127.54
119034,64,512,512,8259.07
529427,256,512,512,23612.9
424951,64,2048,512,9904.96
117377,64,512,512,8132.19
122898,64,512,512,8534.29
114955,64,512,512,8047.68
118573,64,512,512,8273
504860,256,512,512,22692.1
400093,64,2048,512,9361.91
115234,64,512,512,7977.51
120376,64,512,512,8287.67
114692,64,512,512,7914.81
119087,64,512,512,8364.86
82388,64,512,512,5917.07
95040,64,512,512,6747.97
95047,64,512,512,6777.26
81972,64,512,512,5900.91
559163,256,512,512,25356.4
479025,64,2048,512,10958
123005,64,512,512,8557.13
134139,64,512,512,9305.6
117970,64,512,512,8207.58
136606,64,512,512,9570.52
108827,64,512,512,7665.71
113602,64,512,512,7940.8
110167,64,512,512,7770.37
103331,64,512,512,7300.84
500782,256,512,512,22431.8
433174,64,2048,512,9961.49
83660,64,512,512,5982.31
139159,64,512,512,9689.14
79680,64,512,512,5760.15
128804,64,512,512,8948.3
93269,64,512,512,6552.44
116477,64,512,512,8098.51
96336,64,512,512,6789.52
100708,64,512,512,7005.61
513866,256,512,512,23228.9
431100,64,2048,512,9932.96
94610,64,512,512,6655.42
138919,64,512,512,9672.65
97046,64,512,512,6796.3
129913,64,512,512,9068.86
91737,64,512,512,6433.58
128003,64,512,512,8894.58
97528,64,512,512,6795.48
111611,64,512,512,7842.49
530735,256,512,512,23676.4
446252,64,2048,512,10222.2
96734,64,512,512,6792.06
139126,64,512,512,9657.74
97673,64,512,512,6834.23
132027,64,512,512,7938.36
99926,64,512,512,6960.52
146522,64,512,512,10157.4
105672,64,512,512,7341.27
131348,64,512,512,9131.28
560299,256,512,512,25198.3
483219,64,2048,512,11048.6
99871,64,512,512,6965.71
139835,64,512,512,9786.46
100632,64,512,512,7032.81
135476,64,512,512,9395.91
100073,64,512,512,6945.58
158983,64,512,512,11067.6
110849,64,512,512,7738.22
140232,64,512,512,9768.42
584554,256,512,512,25989
515851,64,2048,512,11798.3
72786,64,512,512,5201.84
111169,64,512,512,7735.67
75465,64,512,512,5424.56
108697,64,512,512,7555.52
418763,256,512,512,16322.9
331624,64,2048,512,8059.79
104724,64,512,512,7431.26
104369,64,512,512,7436.74
100685,64,512,512,7227.75
114837,64,512,512,8174.08
384080,256,512,512,17683.2
294467,64,2048,512,7291.16
52376,64,512,512,3940.03
108226,64,512,512,7738.1
49216,64,512,512,3778.53
88225,64,512,512,6390.14
390912,256,512,512,18023.7
292071,64,2048,512,7238.61
68275,64,512,512,4420.76
97898,64,512,512,6203.51
65237,64,512,512,4422.47
82951,64,512,512,5768.68
395711,256,512,512,17866.8
291221,64,2048,512,7339.56
71474,64,512,512,4992.83
99155,64,512,512,6978.74
69597,64,512,512,4966.55
91595,64,512,512,6441.76
386282,256,512,512,17546.3
286061,64,2048,512,7110.42
74946,64,512,512,5396.95
93347,64,512,512,6639.47
73526,64,512,512,5299.64
87577,64,512,512,6294.84
372892,256,512,512,14749
268393,64,2048,512,6781.86
83966,64,512,512,5974.76
91238,64,512,512,6489.47
82765,64,512,512,5957.99
85516,64,512,512,6161.43
48820,64,512,512,3648.38
61079,64,512,512,4724.04
59699,64,512,512,4407.3
49720,64,512,512,3697.12
457008,256,512,512,20843.3
380232,64,2048,512,8943.41
100329,64,512,512,7330.38
112503,64,512,512,7996.2
94479,64,512,512,6774.12
114846,64,512,512,8205.75
82527,64,512,512,6071.92
86541,64,512,512,6298.68
84021,64,512,512,6140.76
74658,64,512,512,5482.62
371268,256,512,512,16576.4
296938,64,2048,512,7227.54
59207,64,512,512,4294.34
110975,64,512,512,7794.46
55989,64,512,512,4121.81
99131,64,512,512,7091.54
59373,64,512,512,4349.32
88269,64,512,512,6262.29
64712,64,512,512,4766.99
69763,64,512,512,5069.86
383955,256,512,512,17428.9
302682,64,2048,512,7375.04
75307,64,512,512,5432.79
120987,64,512,512,8422.97
74395,64,512,512,5350.23
110489,64,512,512,7736.55
69106,64,512,512,5023.2
107546,64,512,512,7615.04
74384,64,512,512,5406.48
86780,64,512,512,6202.23
406737,256,512,512,18711.3
316678,64,2048,512,7601.46
75207,64,512,512,5500.72
115311,64,512,512,8136.33
77122,64,512,512,5548.34
106452,64,512,512,7583.81
75019,64,512,512,5430.92
125521,64,512,512,8862.02
83525,64,512,512,6046.51
105434,64,512,512,7534.77
445126,256,512,512,20407.7
360576,64,2048,512,8456.5
66207,64,512,512,4846.33
107436,64,512,512,7661.85
69103,64,512,512,5030.36
100659,64,512,512,7154.31
80509,64,512,512,5740.96
140067,64,512,512,9837.34
94610,64,512,512,6708.58
117697,64,512,512,8343.04
469702,256,512,512,21262.5
393501,64,2048,512,9082.66
53044,64,512,512,3838.5
91720,64,512,512,6433.66
54347,64,512,512,3954.44
87767,64,512,512,6200.48
319674,256,512,512,14798.6
246891,64,2048,512,6542.98
64552,64,512,512,4734.5
73664,64,512,512,5358.05
61364,64,512,512,4463.74
83434,64,512,512,5986.76
237924,256,512,512,11422.5
152630,64,2048,512,4476.06
32419,64,512,512,2370.13
75766,64,512,512,5069.75
30510,64,512,512,2474.8
57281,64,512,512,4051.16
239685,256,512,512,11228.7
155797,64,2048,512,4803.85
43886,64,512,512,3309.06
73089,64,512,512,5369.19
39292,64,512,512,3005.98
62094,64,512,512,4481.7
241817,256,512,512,11292
154531,64,2048,512,4796.57
49628,64,512,512,3658.66
57036,64,512,512,4445.46
48540,64,512,512,3594.89
49310,64,512,512,3645.08
219154,256,512,512,10376.2
147362,64,2048,512,4606.8
33528,64,512,512,2647.1
53373,64,512,512,4259.99
34631,64,512,512,2758.68
44365,64,512,512,3291.09
195846,256,512,512,9255.42
120625,64,2048,512,3789.95
54241,64,512,512,4018.36
71756,64,512,512,5199
51254,64,512,512,3876.82
64594,64,512,512,4613.69
45935,64,512,512,3341.79
46296,64,512,512,3668.01
52919,64,512,512,3807.89
38370,64,512,512,2804.66
331367,256,512,512,15239
265406,64,2048,512,6683.69
65174,64,512,512,4650.71
85635,64,512,512,6112.48
59884,64,512,512,4272.13
89665,64,512,512,6290.06
45262,64,512,512,3359.89
57303,64,512,512,4435.97
48014,64,512,512,2825.4
44781,64,512,512,3007.64
250381,256,512,512,11670.1
189258,64,2048,512,5294.26
40322,64,512,512,3141.03
85967,64,512,512,6208.61
36932,64,512,512,2914.63
74639,64,512,512,5474.51
44052,64,512,512,3439.17
61540,64,512,512,4552.24
47508,64,512,512,3704.37
46746,64,512,512,3725.89
265383,256,512,512,12449.2
195030,64,2048,512,5406.92
42118,64,512,512,3279.78
91334,64,512,512,6515.78
42774,64,512,512,3204.01
79227,64,512,512,5813.48
38467,64,512,512,3108.6
71031,64,512,512,5244.13
44005,64,512,512,3571.88
53746,64,512,512,4139.43
283233,256,512,512,13031.6
202509,64,2048,512,5560.57
46461,64,512,512,3524.32
78908,64,512,512,5546.46
48194,64,512,512,3709.86
72580,64,512,512,5267.46
43854,64,512,512,3442.73
96524,64,512,512,6766.78
51673,64,512,512,3929.36
76538,64,512,512,5501.19
320489,256,512,512,14783.7
247453,64,2048,512,6425.87
40847,64,512,512,3211.08
81975,64,512,512,5893.5
42541,64,512,512,3278.96
75412,64,512,512,5394.69
49860,64,512,512,3815.98
110313,64,512,512,7772.01
61547,64,512,512,4481.69
88378,64,512,512,6339.45
345592,256,512,512,15811
274829,64,2048,512,6890.73
25374,64,512,512,2011.84
60536,64,512,512,4528.91
25890,64,512,512,2136.08
57422,64,512,512,4151.37
209395,256,512,512,10096.4
151186,64,2048,512,4739.71
32695,64,512,512,2489.65
42140,64,512,512,3400.4
30524,64,512,512,2412.34
49135,64,512,512,3605.65
126254,256,512,512,6651.74
76575,64,2048,512,3382.38
17164,64,512,512,1714.18
52044,64,512,512,4239.03
14299,64,512,512,1513.75
37690,64,512,512,2846.2
146819,256,512,512,7389.1
84761,64,2048,512,3439.06
23183,64,512,512,2065.73
49133,64,512,512,4023.53
21266,64,512,512,1943.4
36818,64,512,512,2716.38
144374,256,512,512,7099.24
87498,64,2048,512,3498.2
20567,64,512,512,1840.58
39685,64,512,512,3484.87
19186,64,512,512,1755.8
32050,64,512,512,2377.1
133310,256,512,512,6695.43
81004,64,2048,512,3162.25
25603,64,512,512,2187.24
40168,64,512,512,3442.17
23381,64,512,512,2025.51
32959,64,512,512,2282.38
117647,256,512,512,5871.12
69633,64,2048,512,2697.63
23953,64,512,512,2134.67
31670,64,512,512,2882.24
22904,64,512,512,2129.21
28133,64,512,512,2360.86
34335,64,512,512,2643.73
29747,64,512,512,2690.13
42332,64,512,512,3199.58
23730,64,512,512,1992.44
165318,256,512,512,8168.46
114116,64,2048,512,4106.14
34464,64,512,512,2679.25
60724,64,512,512,4484.88
30956,64,512,512,2439.19
62144,64,512,512,4527.33
27947,64,512,512,2148.06
32084,64,512,512,2898.2
31500,64,512,512,2418.54
26063,64,512,512,2025.56
144805,256,512,512,7341.14
93516,64,2048,512,3836.36
19984,64,512,512,2098.85
51570,64,512,512,3919.2
18956,64,512,512,1926.46
45617,64,512,512,3468.23
17384,64,512,512,1937.28
30722,64,512,512,2821.97
20613,64,512,512,2035.92
23618,64,512,512,2433.09
150601,256,512,512,7642.12
91018,64,2048,512,3583.48
22986,64,512,512,2147.79
50560,64,512,512,3785.62
23332,64,512,512,2133.88
48332,64,512,512,3648.12
18710,64,512,512,1748.01
48771,64,512,512,3645.53
22976,64,512,512,1847.08
37207,64,512,512,3124.92
158689,256,512,512,8112.49
91220,64,2048,512,3644.16
25803,64,512,512,2244.23
51980,64,512,512,4040.12
27000,64,512,512,2389.31
50793,64,512,512,3903.02
22110,64,512,512,2281.3
70194,64,512,512,5173.86
27829,64,512,512,2604.53
55987,64,512,512,4417.55
166966,256,512,512,8474.37
100492,64,2048,512,3840.77
16560,64,512,512,1779.84
39864,64,512,512,3313.71
17972,64,512,512,1837.69
38720,64,512,512,3234.84
24537,64,512,512,2235.62
65081,64,512,512,4831.54
35051,64,512,512,2872.08
54980,64,512,512,4464.13
189128,256,512,512,9388.2
109440,64,2048,512,3523.02
6244,64,512,512,905.603
26927,64,512,512,2589.1
7420,64,512,512,1012.77
26093,64,512,512,2374.15
53227,256,512,512,3635.8
34630,64,2048,512,2409.01
13396,64,512,512,1473.03
27558,64,512,512,2500.87
12282,64,512,512,1319.34
32402,64,512,512,2750.67
59715,256,512,512,3899.07
31978,64,2048,512,2489.1
8006,64,512,512,1036.25
25723,64,512,512,2479.1
7531,64,512,512,988.97
18901,64,512,512,1767.04
73174,256,512,512,4262.33
37471,64,2048,512,2515.94
7276,64,512,512,791.772
25171,64,512,512,2309.73
6459,64,512,512,741.177
19734,64,512,512,1679.35
77994,256,512,512,4514.61
38793,64,2048,512,2541.85
11015,64,512,512,1321.32
24419,64,512,512,2161.51
10472,64,512,512,1241.96
20582,64,512,512,1990.13
70998,256,512,512,4145.27
35760,64,2048,512,2553.51
8285,64,512,512,1160.69
20839,64,512,512,1877.76
7826,64,512,512,1125.41
17985,64,512,512,1735.93
61917,256,512,512,3871.82
28848,64,2048,512,1814.06
11904,64,512,512,1321.89
21574,64,512,512,2148.74
11724,64,512,512,1273.33
20289,64,512,512,1783.94
13591,64,512,512,1040.4
11834,64,512,512,1419.19
18364,64,512,512,1410.88
8842,64,512,512,725.014
107573,256,512,512,5860.25
80849,64,2048,512,3213.36
16771,64,512,512,1454.73
28842,64,512,512,2565.91
13807,64,512,512,1350.92
31600,64,512,512,2435.74
13156,64,512,512,1101.81
15612,64,512,512,1830.69
15414,64,512,512,1204.84
10938,64,512,512,994.068
48981,256,512,512,3521.39
34082,64,2048,512,2388.97
7091,64,512,512,1013.41
27698,64,512,512,2564.52
6302,64,512,512,879.917
21599,64,512,512,2076.42
6119,64,512,512,888.682
11183,64,512,512,1455.35
7324,64,512,512,918.461
7750,64,512,512,1023.78
55048,256,512,512,3744.99
35955,64,2048,512,2424.83
8454,64,512,512,1116.62
27387,64,512,512,2629.18
8560,64,512,512,1101.59
22070,64,512,512,2207.38
7508,64,512,512,1059.98
18737,64,512,512,2103.47
9838,64,512,512,1284.1
12906,64,512,512,1541.39
63204,256,512,512,4040.94
40951,64,2048,512,2203.74
10143,64,512,512,1071.93
31538,64,512,512,2491.74
10640,64,512,512,1100.74
26736,64,512,512,2433.41
10085,64,512,512,1257.16
31635,64,512,512,2817.12
12905,64,512,512,1431.18
23675,64,512,512,2272.38
75648,256,512,512,4433.02
51508,64,2048,512,2261.23
8793,64,512,512,986.801
23635,64,512,512,2219.28
8673,64,512,512,1024.63
20949,64,512,512,1885.94
11498,64,512,512,1342.71
50919,64,512,512,3888.8
15955,64,512,512,1714.04
35619,64,512,512,2998.9
90763,256,512,512,5180.27
66881,64,2048,512,2141.58
2012,64,512,512,350.056
9731,64,512,512,1057.79
2143,64,512,512,361.135
8160,64,512,512,954.859
53936,256,512,512,3539.79
37885,64,2048,512,1965.77
4860,64,512,512,514.874
8693,64,512,512,1065.26
4594,64,512,512,507.047
10765,64,512,512,1003.26
19771,256,512,512,1939.26
11460,64,2048,512,1262.31
3116,64,512,512,539.028
17085,64,512,512,2101.88
2706,64,512,512,500.706
11679,64,512,512,1148.4
21492,256,512,512,1931.59
12675,64,2048,512,1383.12
3128,64,512,512,498.089
8602,64,512,512,1244.86
2649,64,512,512,426.527
5842,64,512,512,734.296
21069,256,512,512,2030.78
12926,64,2048,512,1264.99
3130,64,512,512,523.425
8456,64,512,512,1230.49
2888,64,512,512,480.071
5920,64,512,512,648.18
16569,256,512,512,1666.25
10555,64,2048,512,1138.93
3975,64,512,512,556.442
9829,64,512,512,1328.44
3688,64,512,512,532.635
6880,64,512,512,724.653
14652,256,512,512,1527.32
9374,64,2048,512,815.097
2878,64,512,512,470.922
5607,64,512,512,806.363
2627,64,512,512,402.326
4187,64,512,512,498.444
7994,64,512,512,652.871
6230,64,512,512,973.271
10825,64,512,512,833.583
4266,64,512,512,430.719
37336,256,512,512,2964.61
28863,64,2048,512,2028.23
5646,64,512,512,766.712
17872,64,512,512,1977.92
4679,64,512,512,700.793
21603,64,512,512,1879.9
5126,64,512,512,505.562
5757,64,512,512,941.455
6474,64,512,512,589.467
3865,64,512,512,463.899
18332,256,512,512,1870.05
14699,64,2048,512,1628.93
3668,64,512,512,570.964
11791,64,512,512,1413.87
3797,64,512,512,607.991
10070,64,512,512,1200.06
3401,64,512,512,500.262
5162,64,512,512,842.431
4111,64,512,512,588.77
3691,64,512,512,570.506
13036,256,512,512,1591.73
9863,64,2048,512,1257.84
4359,64,512,512,675.666
13924,64,512,512,1636.56
4174,64,512,512,702.656
11995,64,512,512,1436.58
3302,64,512,512,567.232
7543,64,512,512,1114.64
4222,64,512,512,664.538
6012,64,512,512,855.799
12635,256,512,512,1228.06
9668,64,2048,512,1185.12
4405,64,512,512,631.752
10699,64,512,512,1350.33
4559,64,512,512,610.512
9516,64,512,512,1211.12
4352,64,512,512,755.126
15753,64,512,512,1874.42
5559,64,512,512,834.429
12052,64,512,512,1462.87
14538,256,512,512,1651.9
11200,64,2048,512,1234.8
2258,64,512,512,412.314
8183,64,512,512,1216.26
2408,64,512,512,404.366
6857,64,512,512,914.209
4500,64,512,512,776.657
23566,64,512,512,2401.37
5989,64,512,512,837.109
17053,64,512,512,1868.41
17556,256,512,512,1986.36
14256,64,2048,512,870.14
742,64,512,512,157.616
2728,64,512,512,484.789
806,64,512,512,180.661
2370,64,512,512,386.781
21989,256,512,512,2133.24
16969,64,2048,512,1711.05
1040,64,512,512,211.101
6990,64,512,512,1079.59
971,64,512,512,194.791
10210,64,512,512,1185.9
4276,256,512,512,611.881
3145,64,2048,512,502.672
1083,64,512,512,206.587
7508,64,512,512,1081.21
989,64,512,512,200.317
5246,64,512,512,647.743
3167,256,512,512,493.482
2309,64,2048,512,389.705
1566,64,512,512,279.269
4323,64,512,512,681.324
1368,64,512,512,248.03
3317,64,512,512,410.783
2099,256,512,512,358.287
1606,64,2048,512,303.942
1259,64,512,512,238.8
3983,64,512,512,676.824
1243,64,512,512,236.172
2880,64,512,512,438.658
1483,256,512,512,250.19
1166,64,2048,512,203.93
827,64,512,512,162.461
1872,64,512,512,357.487
712,64,512,512,140.686
1394,64,512,512,225.766
1887,256,512,512,312.935
1200,64,2048,512,207.719
419,64,512,512,90.6591
812,64,512,512,157.603
391,64,512,512,78.0343
645,64,512,512,123.22
131072,64,512,512,9188.25
131072,64,512,512,9157.66
131072,64,512,512,9188.35
131072,64,512,512,9098.65
524288,256,512,512,23635
524288,64,2048,512,12086.7
131072,64,512,512,9346.83
131072,64,512,512,9322.84
131072,64,512,512,9366.14
131072,64,512,512,9431.11
131072,64,512,512,9313.93
131072,64,512,512,9251.07
131072,64,512,512,9272.65
131072,64,512,512,9316.31
524288,256,512,512,23842.6
524288,64,2048,512,12162.5
131072,64,512,512,9299.79
131072,64,512,512,9325.53
131072,64,512,512,9306.81
131072,64,512,512,9266.6
131071,64,512,512,9300.44
131072,64,512,512,9256.69
131072,64,512,512,9278.19
131072,64,512,512,8985.5
524288,256,512,512,23234.3
524288,64,2048,512,12077.1
131072,64,512,512,9200.74
131072,64,512,512,9221.78
131072,64,512,512,9179.7
131072,64,512,512,9143.18
131072,64,512,512,9212.56
131072,64,512,512,9160.46
131072,64,512,512,9165.86
131072,64,512,512,9175.29
524288,256,512,512,23414.5
524287,64,2048,512,11919.2
131072,64,512,512,9157.95
131072,64,512,512,9238.75
131072,64,512,512,9299.79
131072,64,512,512,8753.71
131072,64,512,512,8822.21
131072,64,512,512,8875.69
131072,64,512,512,8948.59
131072,64,512,512,8983.09
524288,256,512,512,23519.9
524288,64,2048,512,12062.9
131072,64,512,512,9097.57
131072,64,512,512,9203.77
131072,64,512,512,9115.76
131072,64,512,512,9138.7
131072,64,512,512,9140.29
131072,64,512,512,9188.55
131072,64,512,512,9175.48
131072,64,512,512,9206.2
524288,256,512,512,23614.4
524288,64,2048,512,12023.4
131072,64,512,512,9244.24
131072,64,512,512,9206.9
131072,64,512,512,8539.84
131072,64,512,512,8989.64
524288,256,512,512,23476.6
524288,64,2048,512,12128.3
131072,64,512,512,9288.57
131072,64,512,512,9605.96
131072,64,512,512,9225.54
131072,64,512,512,9278.08
524288,256,512,512,24075.3
524288,64,2048,512,12200.3
131072,64,512,512,9231.63
131072,64,512,512,9312.8
131072,64,512,512,9179.3
131072,64,512,512,9273.57
524288,256,512,512,23738.9
524288,64,2048,512,12212.5
131072,64,512,512,9272.14
131072,64,512,512,9314.04
131072,64,512,512,9246.99
131072,64,512,512,9337.16
524288,256,512,512,23861.6
524288,64,2048,512,12237.2
131072,64,512,512,9302.78
131072,64,512,512,9216.72
131072,64,512,512,9289.39
131072,64,512,512,9243.83
524288,256,512,512,23824.7
524288,64,2048,512,12188.3
131072,64,512,512,9281.37
131072,64,512,512,9334.76
131072,64,512,512,9272.85
131072,64,512,512,9305.67
524288,256,512,512,23658.9
524288,64,2048,512,12004
131072,64,512,512,8955.95
131072,64,512,512,8901.4
131072,64,512,512,9139
131072,64,512,512,9183.82
104857,64,512,512,7301.77
104857,64,512,512,7320.25
104857,64,512,512,7332.01
104857,64,512,512,7401.06
419430,256,512,512,19075.4
419430,64,2048,512,9777.55
104857,64,512,512,7455.41
104857,64,512,512,7345.33
104857,64,512,512,7418.16
104857,64,512,512,7464.03
104857,64,512,512,7323.2
104857,64,512,512,7374.22
104857,64,512,512,7335.13
104857,64,512,512,7354.18
419430,256,512,512,18949.4
419430,64,2048,512,9811.19
104857,64,512,512,7489.02
104857,64,512,512,7438.06
104857,64,512,512,7507.37
104857,64,512,512,7544.08
104857,64,512,512,7410.3
104856,64,512,512,7475.35
104857,64,512,512,7496.47
104857,64,512,512,7621.19
419430,256,512,512,19295.9
419430,64,2048,512,9775.85
104857,64,512,512,7385.1
104857,64,512,512,7475.17
104857,64,512,512,7413.73
104857,64,512,512,7525.98
104857,64,512,512,7390.87
104857,64,512,512,7452.35
104857,64,512,512,7506.45
104857,64,512,512,7553.34
419429,256,512,512,19219.8
419429,64,2048,512,9852.98
104857,64,512,512,7404.41
104857,64,512,512,7472.51
104857,64,512,512,7433.28
104857,64,512,512,7541.45
104857,64,512,512,7451.36
104857,64,512,512,7491.45
104857,64,512,512,7516.54
104857,64,512,512,7516.03
419430,256,512,512,19283.3
419430,64,2048,512,9779.55
104857,64,512,512,7426.21
104857,64,512,512,7453.59
104857,64,512,512,7495.04
104857,64,512,512,7450.19
104857,64,512,512,7433.19
104857,64,512,512,7191.36
104857,64,512,512,7223.18
104857,64,512,512,7274.46
419430,256,512,512,18908.8
419430,64,2048,512,9718.26
104857,64,512,512,7361.28
104857,64,512,512,7348.78
104857,64,512,512,7389.49
104857,64,512,512,7339.62
419430,256,512,512,19430
419430,64,2048,512,9764.68
104857,64,512,512,7400
104857,64,512,512,7555.55
104857,64,512,512,7441.28
104857,64,512,512,7350.8
419430,256,512,512,19129.8
419430,64,2048,512,9852.1
104857,64,512,512,7400
104857,64,512,512,7393.64
104857,64,512,512,7360.55
104857,64,512,512,7536.96
419430,256,512,512,19097
419430,64,2048,512,9870.76
104857,64,512,512,7389.57
104857,64,512,512,7427.27
104857,64,512,512,7416.85
104857,64,512,512,7450.03
419430,256,512,512,19183.1
419430,64,2048,512,9824.8
104857,64,512,512,7351.36
104857,64,512,512,7384.2
104857,64,512,512,7382.66
104857,64,512,512,7406.86
419429,256,512,512,19134.8
419430,64,2048,512,9472.35
104857,64,512,512,6915.11
104857,64,512,512,6952
104857,64,512,512,7323.44
104857,64,512,512,7422.1
419430,256,512,512,19287.9
419430,64,2048,512,9808.61
104857,64,512,512,7484.35
104857,64,512,512,7529.61
104857,64,512,512,7478.17
104857,64,512,512,7424.72
78643,64,512,512,5681.91
78642,64,512,512,5791.68
78643,64,512,512,5716.95
78643,64,512,512,5806.11
314572,256,512,512,14670.6
314572,64,2048,512,7586.73
78643,64,512,512,5736.56
78643,64,512,512,5757.23
78643,64,512,512,5744.95
78643,64,512,512,5801.56
78643,64,512,512,5764.03
78643,64,512,512,5802.36
78643,64,512,512,5787.82
78643,64,512,512,5726.19
314572,256,512,512,14678.2
314571,64,2048,512,7679.57
78643,64,512,512,5820.95
78643,64,512,512,5729.9
78643,64,512,512,5781.7
78643,64,512,512,5733.49
78643,64,512,512,5693.86
78643,64,512,512,5790.68
78643,64,512,512,5711.76
78643,64,512,512,5741.41
314572,256,512,512,14633.1
314572,64,2048,512,7636.31
78643,64,512,512,5594.12
78643,64,512,512,5783.23
78643,64,512,512,5712.73
78643,64,512,512,5748.95
78643,64,512,512,5756.05
78643,64,512,512,5749.93
78643,64,512,512,5741.87
78643,64,512,512,5765.68
314572,256,512,512,14645.1
314572,64,2048,512,7604.76
78643,64,512,512,5764.82
78643,64,512,512,5756.64
78643,64,512,512,5735.26
78643,64,512,512,5689.1
78643,64,512,512,5740.95
78643,64,512,512,5747.44
78643,64,512,512,5736.11
78643,64,512,512,5832.96
314572,256,512,512,14697.3
314572,64,2048,512,7540
78643,64,512,512,5516.62
78643,64,512,512,5487.69
78643,64,512,512,5576.27
78643,64,512,512,5481.59
78643,64,512,512,5538.05
78643,64,512,512,5442.65
78643,64,512,512,5618.85
78643,64,512,512,5680.88
314572,256,512,512,14546.9
314572,64,2048,512,7486.47
78643,64,512,512,5677.16
78643,64,512,512,5641.15
78643,64,512,512,5669.3
78643,64,512,512,5653.12
314572,256,512,512,14585.6
314572,64,2048,512,7557.03
78643,64,512,512,5675.63
78643,64,512,512,5731.66
78643,64,512,512,5601.78
78643,64,512,512,5751.44
314572,256,512,512,13868.2
314572,64,2048,512,7467.09
78643,64,512,512,5600.22
78643,64,512,512,5629.48
78643,64,512,512,5727.75
78643,64,512,512,5711.7
314572,256,512,512,14516.5
314572,64,2048,512,7801.65
78643,64,512,512,5570.35
78643,64,512,512,5638.81
78643,64,512,512,5592.82
78643,64,512,512,5686.53
314572,256,512,512,14572.8
314571,64,2048,512,7620.85
78643,64,512,512,5576.27
78643,64,512,512,5238.93
78643,64,512,512,5547.08
78643,64,512,512,5625.57
314572,256,512,512,14545.7
314572,64,2048,512,7602.6
78643,64,512,512,5794.15
78643,64,512,512,5712.54
78643,64,512,512,5797.35
78643,64,512,512,5691.67
314572,256,512,512,14628.9
314572,64,2048,512,7487.84
78643,64,512,512,5721.3
78643,64,512,512,5682.87
78643,64,512,512,5758.62
78643,64,512,512,5766.2
52428,64,512,512,3859.87
52428,64,512,512,4027.4
52428,64,512,512,3715.33
52428,64,512,512,3787.63
209715,256,512,512,10076
209715,64,2048,512,5559.53
52428,64,512,512,3951.56
52428,64,512,512,3938.67
52428,64,512,512,3967.96
52428,64,512,512,3909.21
52428,64,512,512,3910.76
52428,64,512,512,4037.53
52428,64,512,512,3923.61
52428,64,512,512,4025.18
209715,256,512,512,10235.2
209715,64,2048,512,5691.84
52428,64,512,512,4004.66
52428,64,512,512,4060.94
52428,64,512,512,3982.18
52428,64,512,512,3926.41
52428,64,512,512,3932.57
52428,64,512,512,4092.94
52428,64,512,512,3921.04
52428,64,512,512,3939.91
209715,256,512,512,10203.9
209715,64,2048,512,5750.47
52428,64,512,512,4053.92
52428,64,512,512,4131.18
52428,64,512,512,4016.17
52428,64,512,512,3923.01
52428,64,512,512,4080.25
52428,64,512,512,4103.35
52428,64,512,512,3983.75
52428,64,512,512,4027.88
209715,256,512,512,10146.8
209715,64,2048,512,5670.75
52428,64,512,512,3910.12
52428,64,512,512,4064.48
52428,64,512,512,3954.22
52428,64,512,512,4013.91
52428,64,512,512,4108.17
52428,64,512,512,3983.56
52428,64,512,512,4031.37
52428,64,512,512,4132.25
209715,256,512,512,10214.4
209715,64,2048,512,5627.5
52428,64,512,512,3909.39
52428,64,512,512,4037.09
52428,64,512,512,3923.19
52428,64,512,512,3903.43
52428,64,512,512,4038.11
52428,64,512,512,4054.36
52428,64,512,512,4030.21
52428,64,512,512,4053.72
209715,256,512,512,10185.1
209715,64,2048,512,5459.67
52428,64,512,512,4043.27
52428,64,512,512,4060.54
52428,64,512,512,4079.55
52428,64,512,512,3932.85
209715,256,512,512,10077.8
209715,64,2048,512,5576
52428,64,512,512,4104.6
52428,64,512,512,4039.91
52428,64,512,512,4239.66
52428,64,512,512,4004.28
209715,256,512,512,10000.7
209715,64,2048,512,5692.78
52428,64,512,512,3952.96
52428,64,512,512,3994.13
52428,64,512,512,4075.14
52428,64,512,512,4001.08
209715,256,512,512,10132
209715,64,2048,512,5786.54
52428,64,512,512,4005
52428,64,512,512,3888.19
52428,64,512,512,3857.66
52428,64,512,512,4014.68
209715,256,512,512,9885.45
209715,64,2048,512,5665.22
52428,64,512,512,4004.95
52428,64,512,512,3882.79
52428,64,512,512,3985.73
52428,64,512,512,3857.25
209715,256,512,512,10099.5
209715,64,2048,512,5624.57
52428,64,512,512,3950.35
52428,64,512,512,3990.85
52428,64,512,512,3941.81
52428,64,512,512,3946.45
209715,256,512,512,10159.2
209715,64,2048,512,5463.2
52428,64,512,512,3960
52428,64,512,512,3870.02
52428,64,512,512,3927.23
52428,64,512,512,3980.91
26214,64,512,512,2258.61
26214,64,512,512,2017.21
26214,64,512,512,2236.03
26214,64,512,512,2425.92
104857,256,512,512,5558.75
104857,64,2048,512,3568.99
26214,64,512,512,2346.33
26214,64,512,512,2092.23
26214,64,512,512,2311.29
26214,64,512,512,2386.28
26214,64,512,512,2305.48
26214,64,512,512,2320.85
26214,64,512,512,2201.5
26214,64,512,512,2353.31
104857,256,512,512,5706.71
104857,64,2048,512,3633.73
26214,64,512,512,2231.07
26214,64,512,512,2343.02
26214,64,512,512,2178.37
26214,64,512,512,2187.8
26214,64,512,512,2444.69
26214,64,512,512,2335.32
26214,64,512,512,2368.59
26214,64,512,512,2356.45
104857,256,512,512,5640.32
104857,64,2048,512,3569.39
26214,64,512,512,2316.94
26214,64,512,512,2472.98
26214,64,512,512,2211.89
26214,64,512,512,2151.42
26214,64,512,512,2473.02
26214,64,512,512,2311
26214,64,512,512,2407.58
26214,64,512,512,2468.07
104857,256,512,512,5813.84
104857,64,2048,512,3455.86
26214,64,512,512,2156.67
26214,64,512,512,2243
26214,64,512,512,2360.86
26214,64,512,512,2035.57
26214,64,512,512,2386.04
26214,64,512,512,2410.9
26214,64,512,512,2428.28
26214,64,512,512,2397.29
104857,256,512,512,5711.51
104857,64,2048,512,3536
26214,64,512,512,2368.69
26214,64,512,512,2310.49
26214,64,512,512,2368.56
26214,64,512,512,2250.7
26214,64,512,512,2612.5
26214,64,512,512,2349.42
26214,64,512,512,2555.91
26214,64,512,512,2475.79
104857,256,512,512,5922.98
104857,64,2048,512,2972.56
26214,64,512,512,2499.81
26214,64,512,512,2148.44
26214,64,512,512,2569.41
26214,64,512,512,2558.99
104857,256,512,512,5864.8
104857,64,2048,512,3461.42
26214,64,512,512,2374.26
26214,64,512,512,2264.68
26214,64,512,512,2658.79
26214,64,512,512,2287.9
104857,256,512,512,5837
104857,64,2048,512,3546.02
26214,64,512,512,2447.08
26214,64,512,512,2398.83
26214,64,512,512,2412.53
26214,64,512,512,2470.36
104857,256,512,512,5504.45
104857,64,2048,512,3764.74
26214,64,512,512,2457.12
26214,64,512,512,2417.53
26214,64,512,512,2424.07
26214,64,512,512,2465.68
104857,256,512,512,5274.79
104857,64,2048,512,3630.8
26214,64,512,512,2472.4
26214,64,512,512,2381.09
26214,64,512,512,2380.08
26214,64,512,512,2278.52
104857,256,512,512,5482.59
104857,64,2048,512,3581.15
26214,64,512,512,2445.05
26214,64,512,512,2375.1
26214,64,512,512,2298.28
26214,64,512,512,2483.89
104857,256,512,512,5678.84
104857,64,2048,512,3375.9
26214,64,512,512,2475.54
26214,64,512,512,2302.69
26214,64,512,512,2460.87
26214,64,512,512,2387.13
13107,64,512,512,1421.95
13107,64,512,512,1143.16
13107,64,512,512,1368.59
13107,64,512,512,1436.98
52428,256,512,512,3371.34
52428,64,2048,512,2339.87
13107,64,512,512,1414.01
13107,64,512,512,1198.95
13107,64,512,512,1414.18
13107,64,512,512,1396.82
13107,64,512,512,1501.19
13107,64,512,512,1475.39
13107,64,512,512,1379.3
13107,64,512,512,1366.58
52428,256,512,512,3803.04
52428,64,2048,512,2311.2
13107,64,512,512,1501.35
13107,64,512,512,1496.56
13107,64,512,512,1441.67
13107,64,512,512,1442.96
13107,64,512,512,1541.35
13107,64,512,512,1467.26
13107,64,512,512,1527.29
13107,64,512,512,1513.62
52428,256,512,512,3796.55
52428,64,2048,512,2375.83
13107,64,512,512,1361.72
13107,64,512,512,1551.76
13107,64,512,512,1442.39
13107,64,512,512,1324.82
13107,64,512,512,1551.56
13107,64,512,512,1461.82
13107,64,512,512,1529.69
13107,64,512,512,1545.73
52428,256,512,512,3728.04
52427,64,2048,512,2309.21
13107,64,512,512,1536.52
13107,64,512,512,1469.83
13107,64,512,512,1539.82
13107,64,512,512,1506.34
13107,64,512,512,1270.69
13107,64,512,512,1319.55
13107,64,512,512,1352.35
13107,64,512,512,1377.01
52428,256,512,512,3746.77
52428,64,2048,512,2326.16
13107,64,512,512,1572.35
13107,64,512,512,1373.9
13107,64,512,512,1564.29
13107,64,512,512,1515.84
13107,64,512,512,1611.34
13107,64,512,512,1588.79
13107,64,512,512,1579.66
13107,64,512,512,1606.28
52428,256,512,512,3772.9
52428,64,2048,512,1805.02
13107,64,512,512,1554.98
13107,64,512,512,1269.1
13107,64,512,512,1538.66
13107,64,512,512,1569.88
52428,256,512,512,3697.03
52428,64,2048,512,2698.76
13107,64,512,512,1379.41
13107,64,512,512,1439.79
13107,64,512,512,1526.43
13107,64,512,512,1378.26
52428,256,512,512,3700.41
52427,64,2048,512,2383
13107,64,512,512,1566.65
13107,64,512,512,1422.62
13107,64,512,512,1545.55
13107,64,512,512,1540.33
52427,256,512,512,3326.59
52428,64,2048,512,2495.13
13107,64,512,512,1586.36
13107,64,512,512,1472.34
13107,64,512,512,1576.7
13107,64,512,512,1549.75
52428,256,512,512,3195.59
52428,64,2048,512,2500.13
13107,64,512,512,1555.96
13107,64,512,512,1440.26
13107,64,512,512,1395.2
13107,64,512,512,1483.93
52428,256,512,512,3681.29
52428,64,2048,512,2416.4
13107,64,512,512,1560.3
13107,64,512,512,1390.78
13107,64,512,512,1572.76
13107,64,512,512,1579.58
52428,256,512,512,3788.62
52428,64,2048,512,2321.7
13107,64,512,512,1447.64
13107,64,512,512,1336.9
13107,64,512,512,1352.63
13107,64,512,512,1509.05
5242,64,512,512,739.041
5242,64,512,512,583.621
5242,64,512,512,727.423
5242,64,512,512,812.24
20971,256,512,512,1843.17
20971,64,2048,512,1499.43
5242,64,512,512,761.33
5242,64,512,512,684.572
5242,64,512,512,762.61
5242,64,512,512,727.502
5242,64,512,512,748.739
5242,64,512,512,753.651
5242,64,512,512,742.607
5242,64,512,512,736.526
20971,256,512,512,2162.9
20971,64,2048,512,1621.83
5242,64,512,512,738.585
5242,64,512,512,793.791
5242,64,512,512,686.589
5242,64,512,512,758.644
5242,64,512,512,829.635
5242,64,512,512,768.357
5242,64,512,512,792.085
5242,64,512,512,795.843
20971,256,512,512,2089.07
20971,64,2048,512,1626.62
5242,64,512,512,786.847
5242,64,512,512,794.731
5242,64,512,512,764.348
5242,64,512,512,725.222
5242,64,512,512,827.793
5242,64,512,512,799.999
5242,64,512,512,798.058
5242,64,512,512,734.929
20971,256,512,512,2048.95
20971,64,2048,512,1531.58
5242,64,512,512,789.866
5242,64,512,512,818.183
5242,64,512,512,506.872
5242,64,512,512,615.474
5242,64,512,512,704.925
5242,64,512,512,686.041
5242,64,512,512,758.438
5242,64,512,512,785.446
20971,256,512,512,2087.55
20971,64,2048,512,1616.84
5242,64,512,512,809.633
5242,64,512,512,742.049
5242,64,512,512,818.902
5242,64,512,512,804.373
5242,64,512,512,742.722
5242,64,512,512,759.64
5242,64,512,512,812.614
5242,64,512,512,843.74
20971,256,512,512,2183.03
20971,64,2048,512,1269.81
5242,64,512,512,883.98
5242,64,512,512,597.316
5242,64,512,512,848.284
5242,64,512,512,796.051
20971,256,512,512,2307.16
20971,64,2048,512,1813.29
5242,64,512,512,753.075
5242,64,512,512,767.776
5242,64,512,512,843.422
5242,64,512,512,654.586
20971,256,512,512,2128.36
20971,64,2048,512,1568.62
5242,64,512,512,732.842
5242,64,512,512,658.712
5242,64,512,512,748.088
5242,64,512,512,831.115
20971,256,512,512,1922.15
20971,64,2048,512,1667.8
5242,64,512,512,841.982
5242,64,512,512,772.461
5242,64,512,512,825.004
5242,64,512,512,830.909
20971,256,512,512,1750.93
20971,64,2048,512,1582.92
5242,64,512,512,827.262
5242,64,512,512,755.347
5242,64,512,512,827.344
5242,64,512,512,812.162
20970,256,512,512,1738.87
20971,64,2048,512,1498.86
5242,64,512,512,789.643
5242,64,512,512,752.298
5242,64,512,512,762.489
5242,64,512,512,841.771
20971,256,512,512,2126.91
20971,64,2048,512,1515.48
5242,64,512,512,764.714
5242,64,512,512,704.407
5242,64,512,512,710.945
5242,64,512,512,792.909
131072,64,512,512,9238.54
131072,64,512,512,9230.41
131072,64,512,512,9317.66
131072,64,512,512,9316.52
524288,256,512,512,23678.6
524288,64,2048,512,12039.5
131072,64,512,512,9104.88
131072,64,512,512,9162.46
131072,64,512,512,9169.17
131072,64,512,512,9175.68
131072,64,512,512,9151.66
131072,64,512,512,9086.14
131072,64,512,512,9140.49
131072,64,512,512,9116.75
524288,256,512,512,23635.9
524288,64,2048,512,11922.1
131072,64,512,512,9110.02
131072,64,512,512,9128.16
131072,64,512,512,9117.24
131072,64,512,512,9172.88
131072,64,512,512,9129.05
131072,64,512,512,9114.18
131072,64,512,512,9103.59
131072,64,512,512,9161.05
524288,256,512,512,23652.5
524288,64,2048,512,11984.7
131072,64,512,512,9151.56
131072,64,512,512,9162.86
131072,64,512,512,9158.75
131072,64,512,512,9167.26
131072,64,512,512,9214.89
131072,64,512,512,9179
131072,64,512,512,9147.87
131072,64,512,512,9137.8
524288,256,512,512,23716.9
524288,64,2048,512,11944.2
131072,64,512,512,9135.52
131072,64,512,512,9006.34
131072,64,512,512,9108.14
131072,64,512,512,9105.07
131072,64,512,512,9112.49
131072,64,512,512,9138.4
131072,64,512,512,9118.63
131072,64,512,512,9102.7
524288,256,512,512,23898.8
524288,64,2048,512,12035
131072,64,512,512,9274.08
131072,64,512,512,9288.46
131072,64,512,512,9260.67
131072,64,512,512,9223.91
131072,64,512,512,9346.93
131072,64,512,512,9280.55
131072,64,512,512,9275.93
131072,64,512,512,9301.64
524288,256,512,512,23869.9
524288,64,2048,512,12047.8
131072,64,512,512,9331.76
131072,64,512,512,9279.93
131072,64,512,512,9276.55
131072,64,512,512,9257.61
524288,256,512,512,23857.7
524288,64,2048,512,12062.9
131072,64,512,512,9255.97
131072,64,512,512,9303.4
131072,64,512,512,9290.93
131072,64,512,512,9258.42
524288,256,512,512,23797.3
524288,64,2048,512,12069.5
131072,64,512,512,9251.28
131072,64,512,512,9279.73
131072,64,512,512,9288.87
131072,64,512,512,9259.55
524288,256,512,512,23853.1
524288,64,2048,512,12112.1
131072,64,512,512,9258.53
131072,64,512,512,9259.34
131072,64,512,512,9282.91
131072,64,512,512,9271.11
524288,256,512,512,23937.9
524288,64,2048,512,11880.4
131072,64,512,512,8784.51
131072,64,512,512,8617.92
131072,64,512,512,8637.26
131072,64,512,512,8902.06
524288,256,512,512,23552.1
524288,64,2048,512,11990.7
131072,64,512,512,9148.67
131072,64,512,512,9109.82
131072,64,512,512,9167.66
131072,64,512,512,9152.76
524288,256,512,512,23629.4
524288,64,2048,512,12008.5
131072,64,512,512,9175.48
131072,64,512,512,9225.43
131072,64,512,512,9055.63
131072,64,512,512,8096.42
104857,64,512,512,6862.01
104857,64,512,512,7297.88
104857,64,512,512,7415.78
104857,64,512,512,7425.14
419430,256,512,512,19217.3
419430,64,2048,512,9712.49
104857,64,512,512,7493.62
104857,64,512,512,7488.94
104857,64,512,512,7488.6
104857,64,512,512,7506.53
104857,64,512,512,7523.45
104857,64,512,512,7513
104857,64,512,512,7530.2
104857,64,512,512,7538.4
419430,256,512,512,19306.6
419431,64,2048,512,9652.8
104857,64,512,512,7286.39
104857,64,512,512,7289.87
104857,64,512,512,7253.08
104857,64,512,512,7300.82
104857,64,512,512,7276.36
104857,64,512,512,7255.27
104857,64,512,512,7404.73
104857,64,512,512,7408.09
419430,256,512,512,19024.5
419430,64,2048,512,9713.51
104857,64,512,512,7394.05
104857,64,512,512,7357.89
104857,64,512,512,7391.77
104857,64,512,512,7382.17
104857,64,512,512,7424.97
104857,64,512,512,7416.52
104857,64,512,512,7379.33
104857,64,512,512,7426.7
419430,256,512,512,19137
419430,64,2048,512,9753.08
104857,64,512,512,7466.86
104857,64,512,512,7458.81
104857,64,512,512,7497.47
104857,64,512,512,7511.49
104857,64,512,512,7531.89
104857,64,512,512,7509.14
104857,64,512,512,7469.35
104857,64,512,512,7522.35
419430,256,512,512,19212.5
419430,64,2048,512,9736.2
104857,64,512,512,7497.56
104857,64,512,512,7549.68
104857,64,512,512,7523.44
104857,64,512,512,7501.24
104857,64,512,512,7518.22
104857,64,512,512,7500.49
104857,64,512,512,7494.96
104857,64,512,512,7516.79
419430,256,512,512,19279
419430,64,2048,512,9426.12
104857,64,512,512,6857.24
104857,64,512,512,6868.05
104857,64,512,512,7104.04
104857,64,512,512,7224.27
419430,256,512,512,19066.5
419430,64,2048,512,9697.44
104857,64,512,512,7436.82
104857,64,512,512,7376.25
104857,64,512,512,7455.99
104857,64,512,512,7399.02
419430,256,512,512,19032
419430,64,2048,512,9709.02
104857,64,512,512,7425.79
104857,64,512,512,7439.05
104857,64,512,512,7498.06
104857,64,512,512,7511.49
419430,256,512,512,19350
419430,64,2048,512,9712.6
104857,64,512,512,7506.03
104857,64,512,512,7521.76
104857,64,512,512,7518.81
104857,64,512,512,7520.16
419430,256,512,512,19180.2
419430,64,2048,512,9715.2
104857,64,512,512,7525.89
104857,64,512,512,7504.43
104857,64,512,512,7509.56
104857,64,512,512,7529.52
419430,256,512,512,19190.4
419430,64,2048,512,9716.75
104857,64,512,512,7500.82
104857,64,512,512,7553.68
104857,64,512,512,7431.47
104857,64,512,512,7532.99
419430,256,512,512,19049.7
419430,64,2048,512,9694.5
104857,64,512,512,7404.08
104857,64,512,512,7363.94
104857,64,512,512,7396.17
104857,64,512,512,7346.69
78643,64,512,512,5676.52
78643,64,512,512,5672.81
78643,64,512,512,5674.54
78643,64,512,512,5687.17
314572,256,512,512,14543.2
314572,64,2048,512,7516.63
78643,64,512,512,5662.85
78643,64,512,512,5675.76
78643,64,512,512,5669.87
78643,64,512,512,5640.14
78643,64,512,512,5688.39
78643,64,512,512,5675.69
78643,64,512,512,5699.99
78643,64,512,512,5649.25
314572,256,512,512,14666.6
314572,64,2048,512,7613.21
78643,64,512,512,5736.95
78643,64,512,512,5767.26
78643,64,512,512,5730.03
78643,64,512,512,5757.82
78643,64,512,512,5798.76
78643,64,512,512,5743.77
78643,64,512,512,5755.32
78643,64,512,512,5758.55
314572,256,512,512,14794.6
314572,64,2048,512,7546.84
78643,64,512,512,5744.49
78643,64,512,512,5750.92
78643,64,512,512,5727.75
78643,64,512,512,5732.77
78643,64,512,512,5733.23
78643,64,512,512,5724.43
78643,64,512,512,5781.04
78643,64,512,512,5787.75
314572,256,512,512,13071.5
314572,64,2048,512,7491.96
78643,64,512,512,5561.49
78643,64,512,512,5666.62
78643,64,512,512,5656.75
78643,64,512,512,5660.24
78643,64,512,512,5663.62
78643,64,512,512,5689.87
78643,64,512,512,5668.02
78643,64,512,512,5669.55
314572,256,512,512,14542.1
314572,64,2048,512,7514.72
78643,64,512,512,5652.81
78643,64,512,512,5708.26
78643,64,512,512,5644.75
78643,64,512,512,5713.57
78643,64,512,512,5705.8
78643,64,512,512,5633.07
78643,64,512,512,5746.26
78643,64,512,512,5776.06
314572,256,512,512,14590.9
314572,64,2048,512,7583.7
78643,64,512,512,5723.84
78643,64,512,512,5721.95
78643,64,512,512,5705.41
78643,64,512,512,5753.28
314572,256,512,512,14693.5
314572,64,2048,512,7579.19
78643,64,512,512,5778.72
78643,64,512,512,5743.7
78643,64,512,512,5726.97
78643,64,512,512,5735.39
314572,256,512,512,14733.3
314572,64,2048,512,6925.63
78643,64,512,512,5104.87
78643,64,512,512,5466.59
78643,64,512,512,5502.45
78643,64,512,512,5268.54
314572,256,512,512,14607.9
314572,64,2048,512,7575.71
78643,64,512,512,5783.5
78643,64,512,512,5767.19
78643,64,512,512,5765.94
78643,64,512,512,5733.88
314572,256,512,512,14706
314572,64,2048,512,7578.17
78643,64,512,512,5719.61
78643,64,512,512,5556.51
78643,64,512,512,5677.87
78643,64,512,512,5775.4
314572,256,512,512,14716.8
314572,64,2048,512,7558.68
78643,64,512,512,5752.76
78643,64,512,512,5739.64
78643,64,512,512,5764.62
78643,64,512,512,5761.91
314572,256,512,512,14694.8
314572,64,2048,512,7633.04
78643,64,512,512,5737.28
78643,64,512,512,5717.54
78643,64,512,512,5749.6
78643,64,512,512,5747.9
52428,64,512,512,4047.86
52428,64,512,512,4062.46
52428,64,512,512,3990.9
52428,64,512,512,4144.66
209715,256,512,512,10279.5
209715,64,2048,512,5594.27
52428,64,512,512,4081.83
52428,64,512,512,4103.2
52428,64,512,512,4059.61
52428,64,512,512,4069.11
52428,64,512,512,4059.31
52428,64,512,512,4052.21
52428,64,512,512,4048.34
52428,64,512,512,4134.44
209715,256,512,512,10212.3
209715,64,2048,512,5633.66
52428,64,512,512,4061.43
52428,64,512,512,4051.08
52428,64,512,512,4051.08
52428,64,512,512,4056.47
52428,64,512,512,4088.45
52428,64,512,512,4049.32
52428,64,512,512,4098.64
52428,64,512,512,4052.75
209715,256,512,512,10201.6
209715,64,2048,512,5631.56
52428,64,512,512,4092.54
52428,64,512,512,4042.64
52428,64,512,512,4076.08
52428,64,512,512,4055.15
52428,64,512,512,4036.9
52428,64,512,512,4073.36
52428,64,512,512,4056.91
52428,64,512,512,4051.57
209715,256,512,512,10255.6
209715,64,2048,512,5546.46
52428,64,512,512,4077.07
52428,64,512,512,4069.75
52428,64,512,512,4052.3
52428,64,512,512,4113.11
52428,64,512,512,4033.16
52428,64,512,512,4061.33
52428,64,512,512,4047.51
52428,64,512,512,4055.68
209715,256,512,512,10278.7
209715,64,2048,512,5638.11
52428,64,512,512,4077.37
52428,64,512,512,4067.88
52428,64,512,512,4091.94
52428,64,512,512,4069.61
52428,64,512,512,4125.09
52428,64,512,512,4107.62
52428,64,512,512,4085.61
52428,64,512,512,4029.05
209715,256,512,512,10177.3
209715,64,2048,512,5626.18
52428,64,512,512,4096.93
52428,64,512,512,4050.4
52428,64,512,512,4039.38
52428,64,512,512,4096.29
209716,256,512,512,10193.2
209715,64,2048,512,5641.86
52428,64,512,512,4094.04
52428,64,512,512,4078.61
52428,64,512,512,4076.82
52428,64,512,512,4105.81
209715,256,512,512,10168.8
209715,64,2048,512,5429.78
52428,64,512,512,3729.16
52428,64,512,512,3906.88
52428,64,512,512,3987.72
52428,64,512,512,4029.34
209715,256,512,512,10204.6
209715,64,2048,512,5626.32
52428,64,512,512,4063.1
52428,64,512,512,4061.58
52428,64,512,512,4097.94
52428,64,512,512,4032.43
209715,256,512,512,10254.5
209715,64,2048,512,5655.86
52428,64,512,512,4063.89
52428,64,512,512,4027.93
52428,64,512,512,4035.88
52428,64,512,512,4138.68
209715,256,512,512,10193.2
209715,64,2048,512,5540.51
52428,64,512,512,3916.64
52429,64,512,512,3971.75
52428,64,512,512,4005.77
52428,64,512,512,4007.68
209715,256,512,512,10179.3
209715,64,2048,512,5504.56
52428,64,512,512,4022.33
52428,64,512,512,3983.22
52428,64,512,512,4022.91
52428,64,512,512,4008.35
26214,64,512,512,2619.32
26214,64,512,512,1376.82
26214,64,512,512,2600.84
26214,64,512,512,2590.12
104857,256,512,512,6125.95
104857,64,2048,512,3888.61
26214,64,512,512,2585.89
26214,64,512,512,2625.75
26214,64,512,512,2636.48
26214,64,512,512,2523.12
26214,64,512,512,2593.56
26214,64,512,512,2633.91
26214,64,512,512,2569.96
26214,64,512,512,2610.43
104857,256,512,512,6089.93
104857,64,2048,512,3822.47
26214,64,512,512,2598.83
26214,64,512,512,2594.24
26214,64,512,512,2587.04
26214,64,512,512,2592.92
26214,64,512,512,2618.95
26214,64,512,512,2613.85
26214,64,512,512,2586.29
26214,64,512,512,2595.17
104857,256,512,512,5949.97
104857,64,2048,512,3789.9
26214,64,512,512,2576.28
26214,64,512,512,2585.93
26214,64,512,512,2619.48
26214,64,512,512,2620.83
26214,64,512,512,2649.14
26214,64,512,512,2643.33
26214,64,512,512,2598.26
26214,64,512,512,2614.5
104857,256,512,512,6080
104857,64,2048,512,3903.95
26214,64,512,512,2571.66
26214,64,512,512,2620.99
26214,64,512,512,2639.38
26214,64,512,512,2613.97
26214,64,512,512,2608.52
26214,64,512,512,2591.96
26214,64,512,512,2594.72
26214,64,512,512,2577.78
104857,256,512,512,6127.91
104857,64,2048,512,3814.65
26214,64,512,512,2583.46
26214,64,512,512,2607.31
26214,64,512,512,2592.2
26214,64,512,512,2628.22
26214,64,512,512,2587.32
26214,64,512,512,2601.04
26214,64,512,512,2627.97
26214,64,512,512,2576.95
104857,256,512,512,6086.12
104857,64,2048,512,3853.56
26214,64,512,512,2563.37
26214,64,512,512,2614.17
26214,64,512,512,2631.31
26214,64,512,512,2529.74
104857,256,512,512,6124.22
104857,64,2048,512,3613.85
26214,64,512,512,2192.69
26214,64,512,512,2267.46
26214,64,512,512,2359.2
26214,64,512,512,2371.9
104857,256,512,512,6123.72
104857,64,2048,512,3886.32
26214,64,512,512,2615.6
26214,64,512,512,2602.29
26214,64,512,512,2585.61
26214,64,512,512,2598.78
104857,256,512,512,6035.16
104857,64,2048,512,3746.52
26214,64,512,512,2621.16
26214,64,512,512,2638.39
26214,64,512,512,2577.47
26214,64,512,512,2595.81
104857,256,512,512,6062.75
104857,64,2048,512,3843.53
26214,64,512,512,2321.14
26214,64,512,512,2303.1
26214,64,512,512,2311
26214,64,512,512,2321.24
104857,256,512,512,5905.42
104857,64,2048,512,3815.84
26214,64,512,512,2543.74
26214,64,512,512,2554.35
26214,64,512,512,2575.05
26214,64,512,512,2544.12
104857,256,512,512,5997.62
104857,64,2048,512,3861.16
26214,64,512,512,2536.85
26214,64,512,512,2552.87
26214,64,512,512,2505.3
26214,64,512,512,2560.24
13107,64,512,512,1594.1
13107,64,512,512,1604.26
13107,64,512,512,1558.68
13107,64,512,512,1612.15
52428,256,512,512,3924.94
52428,64,2048,512,2849.4
13107,64,512,512,1437.22
13107,64,512,512,1516.85
13107,64,512,512,1605.33
13107,64,512,512,1588.7
13107,64,512,512,1607.76
13107,64,512,512,1625.65
13107,64,512,512,1654.18
13107,64,512,512,1596.77
52428,256,512,512,3956.87
52428,64,2048,512,2865.07
13107,64,512,512,1631.34
13107,64,512,512,1599.79
13107,64,512,512,1594.32
13107,64,512,512,1609.52
13107,64,512,512,1605.52
13107,64,512,512,824.914
13107,64,512,512,1626.18
13107,64,512,512,1616.87
52428,256,512,512,3887.6
52428,64,2048,512,2819.99
13107,64,512,512,1591.05
13107,64,512,512,1657.31
13107,64,512,512,1565.22
13107,64,512,512,1661.98
13107,64,512,512,1620.25
13107,64,512,512,1606.38
13107,64,512,512,1595.53
13107,64,512,512,1632.8
52428,256,512,512,3897.26
52428,64,2048,512,2751.79
13107,64,512,512,1506.47
13107,64,512,512,1545.16
13107,64,512,512,1472
13107,64,512,512,1498.13
13107,64,512,512,1485.06
13107,64,512,512,1504.02
13107,64,512,512,1536.58
13107,64,512,512,1532.59
52428,256,512,512,3836.53
52428,64,2048,512,2823.93
13107,64,512,512,1576.84
13107,64,512,512,1584.8
13107,64,512,512,1587.23
13107,64,512,512,1593.92
13107,64,512,512,1588.04
13107,64,512,512,1545.73
13107,64,512,512,1589.99
13107,64,512,512,1567.18
52428,256,512,512,3858.59
52428,64,2048,512,2851.43
13107,64,512,512,1635.85
13107,64,512,512,1569.32
13107,64,512,512,1606.04
13107,64,512,512,1608.72
52428,256,512,512,3875.75
52428,64,2048,512,2915.81
13107,64,512,512,1670.48
13107,64,512,512,1665.94
13107,64,512,512,1665.71
13107,64,512,512,1616.84
52428,256,512,512,3946.17
52428,64,2048,512,2877.43
13107,64,512,512,1662.87
13107,64,512,512,1573.68
13107,64,512,512,1583.45
13107,64,512,512,1598.36
52428,256,512,512,3919.07
52428,64,2048,512,2874.52
13107,64,512,512,1539.2
13107,64,512,512,1573.27
13107,64,512,512,1600.4
13107,64,512,512,1657.58
52428,256,512,512,3954.26
52428,64,2048,512,2886.44
13107,64,512,512,1599.64
13107,64,512,512,1668.26
13107,64,512,512,1616.25
13107,64,512,512,1675.85
52428,256,512,512,3900.25
52428,64,2048,512,2889.72
13107,64,512,512,1602.88
13107,64,512,512,1587.41
13107,64,512,512,1555.53
13107,64,512,512,1621.4
52428,256,512,512,4006.39
52428,64,2048,512,2885.99
13107,64,512,512,1595.86
13107,64,512,512,1609.74
13107,64,512,512,1610.73
13107,64,512,512,1535
5242,64,512,512,889.842
5242,64,512,512,887.558
5242,64,512,512,892.493
5242,64,512,512,883.212
20971,256,512,512,2289.45
20971,64,2048,512,1957.39
5242,64,512,512,824.477
5242,64,512,512,895.71
5242,64,512,512,880.292
5242,64,512,512,900.76
5242,64,512,512,868.105
5242,64,512,512,897.051
5242,64,512,512,831.774
5242,64,512,512,891.402
20971,256,512,512,2346.29
20971,64,2048,512,1941.48
5242,64,512,512,883.91
5242,64,512,512,850.047
5242,64,512,512,885.262
5242,64,512,512,883.374
5242,64,512,512,866.558
5242,64,512,512,893.729
5242,64,512,512,856.142
5242,64,512,512,891.212
20971,256,512,512,2351.22
20971,64,2048,512,1940.22
5242,64,512,512,868.15
5242,64,512,512,886.971
5242,64,512,512,882.376
5242,64,512,512,891.141
5242,64,512,512,896.116
5242,64,512,512,848.928
5242,64,512,512,875.217
5242,64,512,512,850.499
20971,256,512,512,2255.63
20971,64,2048,512,1918.55
5242,64,512,512,842.956
5242,64,512,512,870.086
5242,64,512,512,905.013
5242,64,512,512,850.715
5242,64,512,512,901.583
5242,64,512,512,893.991
5242,64,512,512,873.826
5242,64,512,512,889.228
20971,256,512,512,2290.67
20971,64,2048,512,1959.68
5242,64,512,512,883.351
5242,64,512,512,896.332
5242,64,512,512,848.67
5242,64,512,512,883.351
5242,64,512,512,888.804
5242,64,512,512,911.677
5242,64,512,512,874.692
5242,64,512,512,859.454
20971,256,512,512,2342.8
20971,64,2048,512,1931.28
5242,64,512,512,860.601
5242,64,512,512,872.553
5242,64,512,512,848.241
5242,64,512,512,872.644
20971,256,512,512,2288.87
20971,64,2048,512,1923.61
5242,64,512,512,889.535
5242,64,512,512,849.96
5242,64,512,512,842.3
5242,64,512,512,848.713
20971,256,512,512,2323.22
20971,64,2048,512,1879.44
5242,64,512,512,834.962
5242,64,512,512,846.358
5242,64,512,512,866.469
5242,64,512,512,849.982
20971,256,512,512,2247.17
20971,64,2048,512,1920.45
5242,64,512,512,857.981
5242,64,512,512,828.283
5242,64,512,512,862.326
5242,64,512,512,842.998
20971,256,512,512,2201.94
20971,64,2048,512,1934.57
5242,64,512,512,830.107
5242,64,512,512,872.803
5242,64,512,512,819.983
5242,64,512,512,853.724
20971,256,512,512,2286.26
20971,64,2048,512,1933.12
5242,64,512,512,850.456
5242,64,512,512,854.463
5242,64,512,512,820.224
5242,64,512,512,815.657
20971,256,512,512,2250.6
20971,64,2048,512,1900.43
5242,64,512,512,850.434
5242,64,512,512,860.733
5242,64,512,512,869.974
5242,64,512,512,807.47
144656,64,512,512,10080.9
145219,64,512,512,10108.3
143086,64,512,512,10037
134140,64,512,512,9364.55
617373,256,512,512,26762.9
511909,64,2048,512,11694.5
152784,64,512,512,10665.5
177501,64,512,512,12280.6
138819,64,512,512,9685.59
175788,64,512,512,12265.5
148318,64,512,512,10376.9
146820,64,512,512,10234
139898,64,512,512,9767.37
135158,64,512,512,9451.8
605239,256,512,512,27038.1
498916,64,2048,512,11467.4
135302,64,512,512,9453.09
167130,64,512,512,11613.2
127129,64,512,512,8887.7
160282,64,512,512,11199.1
137228,64,512,512,9626.43
141001,64,512,512,9844.17
127709,64,512,512,8921.52
127997,64,512,512,8973.28
614701,256,512,512,27608.2
495116,64,2048,512,11331.5
141404,64,512,512,9912.85
162547,64,512,512,11323.2
133241,64,512,512,9332.73
157924,64,512,512,10951.7
140148,64,512,512,9858.28
155781,64,512,512,10829.5
131610,64,512,512,9155.06
141524,64,512,512,9945.23
622718,256,512,512,28106.4
500156,64,2048,512,11470.1
145809,64,512,512,10170.2
161899,64,512,512,11225.9
134961,64,512,512,9419.5
157923,64,512,512,11026.1
144846,64,512,512,10067.1
169827,64,512,512,11896.1
137419,64,512,512,9651.78
157723,64,512,512,10991.7
638805,256,512,512,28233.3
520728,64,2048,512,11981.4
138115,64,512,512,9777.6
151839,64,512,512,10746.6
128572,64,512,512,9092.57
149774,64,512,512,10582.8
147527,64,512,512,10416.1
166724,64,512,512,11785.7
145068,64,512,512,10260.1
157919,64,512,512,11235
662743,256,512,512,30257.9
529525,64,2048,512,12224.3
123866,64,512,512,8794.85
147677,64,512,512,10405.8
110753,64,512,512,7882.5
145625,64,512,512,10314.5
485342,256,512,512,22358.6
372276,64,2048,512,8803.07
137762,64,512,512,9632.53
152588,64,512,512,10647
124825,64,512,512,8697.27
152847,64,512,512,10708.9
472169,256,512,512,20536.5
364688,64,2048,512,9045.52
105892,64,512,512,7502.74
152424,64,512,512,10782.6
96613,64,512,512,6951.35
141359,64,512,512,10055.2
498329,256,512,512,22788.1
374306,64,2048,512,9159.71
111037,64,512,512,7851.2
141993,64,512,512,10029.2
105115,64,512,512,7509.96
131116,64,512,512,9276.79
521358,256,512,512,24015.4
382228,64,2048,512,9185.42
112897,64,512,512,7946.46
135583,64,512,512,9625.18
105657,64,512,512,7486.01
124591,64,512,512,8794.81
524195,256,512,512,23919.6
379576,64,2048,512,9050.83
123414,64,512,512,8730.4
142424,64,512,512,10143
114404,64,512,512,8158.77
133618,64,512,512,9490.74
518126,256,512,512,23669.4
360766,64,2048,512,8628.26
127963,64,512,512,9059.71
137811,64,512,512,9723.71
119801,64,512,512,8487.02
131226,64,512,512,9176.43
110054,64,512,512,6287.8
100849,64,512,512,6707.74
69340,64,512,512,4960.43
69926,64,512,512,5121.72
520881,256,512,512,23747.8
420270,64,2048,512,9757.75
176573,64,512,512,12519.1
164906,64,512,512,11636.1
119346,64,512,512,8428.75
163179,64,512,512,11530.3
131179,64,512,512,9316.26
106332,64,512,512,7563.31
80702,64,512,512,5891.59
75910,64,512,512,5528.89
434108,256,512,512,19972.1
364167,64,2048,512,8290.65
115824,64,512,512,7331.29
118372,64,512,512,7742.73
73184,64,512,512,5112.95
95756,64,512,512,6630.43
132447,64,512,512,9266.87
106685,64,512,512,7548.74
85843,64,512,512,6096.86
78662,64,512,512,5741.55
451905,256,512,512,20695.3
377715,64,2048,512,8769.4
131164,64,512,512,9207.1
130939,64,512,512,9161.26
81929,64,512,512,5883.58
114764,64,512,512,8067.31
133557,64,512,512,9298.69
114906,64,512,512,7977.32
86931,64,512,512,6219.27
87415,64,512,512,6174.39
480220,256,512,512,22010.3
389027,64,2048,512,8990.62
144587,64,512,512,10105.8
131025,64,512,512,9146.08
92656,64,512,512,6509.87
115987,64,512,512,8084.29
144703,64,512,512,10109
128707,64,512,512,8963.36
97146,64,512,512,6863.16
100981,64,512,512,7174.88
519534,256,512,512,23373.3
435213,64,2048,512,10023.8
151362,64,512,512,10478.5
131393,64,512,512,9129.05
95590,64,512,512,6762.64
119793,64,512,512,8331.33
145197,64,512,512,10183.2
145080,64,512,512,10133.9
101998,64,512,512,7131.86
112628,64,512,512,7902.67
562881,256,512,512,25438.8
463789,64,2048,512,10505.9
130724,64,512,512,8981.17
106538,64,512,512,7561.49
68242,64,512,512,4953.59
94758,64,512,512,6796.94
464225,256,512,512,21393
348379,64,2048,512,8840.95
157973,64,512,512,11178
128921,64,512,512,9107.59
96673,64,512,512,6929.02
122165,64,512,512,8671.47
225571,256,512,512,10606.1
205326,64,2048,512,6515.32
65235,64,512,512,4878.23
83880,64,512,512,6380.52
37002,64,512,512,3097.78
58084,64,512,512,4394.99
281342,256,512,512,13305.4
253598,64,2048,512,6932.85
84469,64,512,512,5862.65
98998,64,512,512,7130.24
45258,64,512,512,3511.99
74105,64,512,512,5315.04
291371,256,512,512,13476.2
256402,64,2048,512,7057.86
109587,64,512,512,7786.44
99608,64,512,512,7167.08
60842,64,512,512,4467
76770,64,512,512,5523.64
301623,256,512,512,13833.1
236448,64,2048,512,6396.48
116101,64,512,512,8068.69
93737,64,512,512,6579.68
69341,64,512,512,4942.88
72872,64,512,512,5166.56
266304,256,512,512,12389
179846,64,2048,512,5590.31
118976,64,512,512,8414.41
87654,64,512,512,6424.62
69802,64,512,512,5205.15
68146,64,512,512,5064.26
69048,64,512,512,5073.32
70699,64,512,512,5384.21
55824,64,512,512,4121.32
51977,64,512,512,3923.71
440834,256,512,512,20237.9
349724,64,2048,512,8305.6
142988,64,512,512,10152.7
140146,64,512,512,9960.06
102718,64,512,512,7335.35
144324,64,512,512,10249.8
90907,64,512,512,6318.8
79001,64,512,512,5318.47
71333,64,512,512,4859.39
59864,64,512,512,4170.88
350127,256,512,512,15829.6
278118,64,2048,512,6944.39
77453,64,512,512,5581.12
97490,64,512,512,6858.24
58782,64,512,512,4318.78
79224,64,512,512,5671.64
72798,64,512,512,5266.5
80140,64,512,512,5825.78
60387,64,512,512,4424.56
59524,64,512,512,4384.32
377531,256,512,512,17255.4
301616,64,2048,512,7360.04
85602,64,512,512,6145.01
106244,64,512,512,7382.21
64319,64,512,512,4709.58
92139,64,512,512,6466.24
80374,64,512,512,5754.35
91729,64,512,512,6524.46
68532,64,512,512,4989.35
70060,64,512,512,5094.05
413100,256,512,512,18887.7
326865,64,2048,512,7832.3
100219,64,512,512,6984.96
112406,64,512,512,7854.19
76218,64,512,512,5499
99957,64,512,512,7011.9
89251,64,512,512,6361.15
113306,64,512,512,7964.56
75834,64,512,512,5501.5
88878,64,512,512,6390.07
454699,256,512,512,20702.3
370593,64,2048,512,8710.26
99341,64,512,512,6953.45
113026,64,512,512,7893.81
75788,64,512,512,5433.25
103039,64,512,512,7203.23
95971,64,512,512,6794.02
126777,64,512,512,8858.83
84980,64,512,512,6043.28
99415,64,512,512,7012.47
483495,256,512,512,22005.6
392291,64,2048,512,9070.66
78700,64,512,512,5599.98
89338,64,512,512,6336.02
60344,64,512,512,4383.42
81600,64,512,512,5739.27
377485,256,512,512,17224.4
263284,64,2048,512,6920.48
125652,64,512,512,8758.23
98723,64,512,512,6967.26
91651,64,512,512,6580.2
101724,64,512,512,7128.9
139876,256,512,512,6821.61
104165,64,2048,512,4416.58
40729,64,512,512,3240.45
59136,64,512,512,4626.89
32292,64,512,512,2774.97
38547,64,512,512,2865.84
194581,256,512,512,9565.11
150283,64,2048,512,5118.58
42786,64,512,512,3469.72
66156,64,512,512,4988.72
33491,64,512,512,2918.65
47033,64,512,512,3476.96
247017,256,512,512,11676.9
179358,64,2048,512,5292.64
55210,64,512,512,4121.97
68722,64,512,512,5092.99
40973,64,512,512,3271.91
52095,64,512,512,3822.43
248270,256,512,512,11656.3
172574,64,2048,512,4692.74
71451,64,512,512,4621.48
73260,64,512,512,4959.78
54975,64,512,512,3986.71
59423,64,512,512,4239.9
222621,256,512,512,10475
136351,64,2048,512,4268.27
74612,64,512,512,5321.64
68003,64,512,512,4933.39
58713,64,512,512,4272.31
55485,64,512,512,4201.07
55839,64,512,512,4152.56
47152,64,512,512,4490
40749,64,512,512,3061.96
31688,64,512,512,2406.93
246942,256,512,512,11421.3
187181,64,2048,512,5296.86
108105,64,512,512,7612.35
107497,64,512,512,7582.13
65349,64,512,512,4798.34
112066,64,512,512,7863.92
53552,64,512,512,3958.47
46022,64,512,512,3947.63
38979,64,512,512,2937.34
28332,64,512,512,2140.43
181465,256,512,512,8656.47
138731,64,2048,512,4717.09
44787,64,512,512,3450.29
56702,64,512,512,4621.6
30654,64,512,512,2557.36
40235,64,512,512,3092.58
49209,64,512,512,3774.1
55295,64,512,512,4314.49
37240,64,512,512,3175.36
33400,64,512,512,2840.74
209478,256,512,512,10084.2
170877,64,2048,512,5314.35
59402,64,512,512,4487.77
78627,64,512,512,5777.54
40400,64,512,512,3383.19
58892,64,512,512,4362.52
51857,64,512,512,3986.94
60576,64,512,512,4507.61
42887,64,512,512,3364.3
40323,64,512,512,3198.61
249613,256,512,512,11697
196462,64,2048,512,5574.38
65126,64,512,512,4827.27
73887,64,512,512,5369.32
44367,64,512,512,3408.54
60688,64,512,512,4558.5
60021,64,512,512,4511.63
83964,64,512,512,6103.76
47934,64,512,512,3790.98
56646,64,512,512,4341.93
302452,256,512,512,14212.1
246814,64,2048,512,6358.37
65341,64,512,512,4869.26
81599,64,512,512,5986.51
45839,64,512,512,3537.51
66444,64,512,512,4878.07
63673,64,512,512,4693.21
94580,64,512,512,6749.38
54191,64,512,512,3926.61
65642,64,512,512,4761.24
343356,256,512,512,15753.4
257197,64,2048,512,6286.18
41783,64,512,512,3300.6
52641,64,512,512,3974.17
29547,64,512,512,2647.4
42360,64,512,512,3357.86
216719,256,512,512,10007
149618,64,2048,512,5072.31
81604,64,512,512,5780.14
64242,64,512,512,4842.97
43030,64,512,512,3163.97
61783,64,512,512,4417.11
48481,256,512,512,3183.22
38360,64,2048,512,2893.35
18164,64,512,512,1553.83
29508,64,512,512,3245.37
13422,64,512,512,1292.52
18682,64,512,512,1498.42
101911,256,512,512,5420.17
82333,64,2048,512,4098.75
19741,64,512,512,1779.55
38241,64,512,512,3766.02
15129,64,512,512,1472.12
25640,64,512,512,1974.18
114133,256,512,512,5806.96
85304,64,2048,512,3767.17
36347,64,512,512,3030.06
44755,64,512,512,3738.44
25265,64,512,512,2348.53
30012,64,512,512,2397.78
115983,256,512,512,5795.72
83975,64,2048,512,3836.39
48912,64,512,512,3780.45
44247,64,512,512,3708.4
33185,64,512,512,2889.15
27808,64,512,512,2356.55
83494,256,512,512,4468.21
48292,64,2048,512,2782.65
42541,64,512,512,3145.1
43863,64,512,512,3610.4
30263,64,512,512,2495.05
31688,64,512,512,2465.54
34247,64,512,512,2576.62
19404,64,512,512,2673.99
16396,64,512,512,1263.64
11969,64,512,512,956.348
104673,256,512,512,5434.66
81975,64,2048,512,3541.52
97078,64,512,512,6988.03
69893,64,512,512,5437.16
25760,64,512,512,2142.51
69617,64,512,512,5111.26
48869,64,512,512,3618.67
21820,64,512,512,2546.14
15338,64,512,512,1300.11
10662,64,512,512,953.347
41663,256,512,512,2846.1
36012,64,2048,512,2822.29
42364,64,512,512,3310.65
32657,64,512,512,2986
13187,64,512,512,1472.18
17178,64,512,512,1684.84
50871,64,512,512,3856.69
27364,64,512,512,2808.46
15168,64,512,512,1689.06
13381,64,512,512,1415.96
52212,256,512,512,3357.28
48390,64,2048,512,3307.37
55223,64,512,512,4101.32
42626,64,512,512,3530.24
15872,64,512,512,1775.98
24727,64,512,512,1898.61
54011,64,512,512,3771.14
38147,64,512,512,3194.22
17464,64,512,512,1700.2
16461,64,512,512,1709.35
72869,256,512,512,4381.17
71587,64,2048,512,3843.63
66349,64,512,512,4895.07
49036,64,512,512,3840.88
18628,64,512,512,1900.61
30148,64,512,512,2497.41
63533,64,512,512,4705.33
47347,64,512,512,3835.36
19514,64,512,512,1991.48
23243,64,512,512,2376.51
100398,256,512,512,5442.88
85572,64,2048,512,3693.08
58607,64,512,512,4349.81
37223,64,512,512,3255.09
14595,64,512,512,1740.64
23119,64,512,512,2158.13
70285,64,512,512,5165.04
56422,64,512,512,4329.69
21842,64,512,512,2165.86
27155,64,512,512,2689.2
130289,256,512,512,6707.89
90678,64,2048,512,3171.91
48564,64,512,512,3628.03
26377,64,512,512,2666.62
9201,64,512,512,1211.98
16237,64,512,512,1781.75
58872,256,512,512,3501.65
55804,64,2048,512,3204
69433,64,512,512,5117.77
57004,64,512,512,4820.44
12532,64,512,512,1310.82
53312,64,512,512,4034.15
19051,256,512,512,1715.7
20119,64,2048,512,2310.17
10834,64,512,512,1004.24
21594,64,512,512,2746.08
3649,64,512,512,541.557
14972,64,512,512,1277.41
19537,256,512,512,1883.94
20744,64,2048,512,2306.98
32975,64,512,512,2596.1
19159,64,512,512,2630.26
8520,64,512,512,1027.75
9463,64,512,512,851.516
21054,256,512,512,2023.72
21606,64,2048,512,2414.55
19284,64,512,512,1603.14
16852,64,512,512,2115.84
5429,64,512,512,713.536
8863,64,512,512,938.397
20900,256,512,512,1995.73
18007,64,2048,512,1973.1
29744,64,512,512,2452.35
15941,64,512,512,1908.21
7369,64,512,512,949.5
9554,64,512,512,971.97
16100,256,512,512,1662.45
9871,64,2048,512,1262.05
32053,64,512,512,2429.06
18132,64,512,512,2036.45
7471,64,512,512,907.554
12811,64,512,512,1175.51
17538,64,512,512,1340.1
9689,64,512,512,1506.11
9630,64,512,512,762.319
5732,64,512,512,536.359
49727,256,512,512,3340.18
41575,64,2048,512,2465.01
60339,64,512,512,4422.81
33846,64,512,512,3319.46
10762,64,512,512,1001.95
34845,64,512,512,2611.88
27165,64,512,512,2032.66
12022,64,512,512,1615.42
7018,64,512,512,762.503
4981,64,512,512,546.126
18329,256,512,512,1788.03
18724,64,2048,512,1786.14
20384,64,512,512,1772.28
20795,64,512,512,2086.28
5704,64,512,512,768.409
9461,64,512,512,1057.96
21954,64,512,512,2109.09
12498,64,512,512,1633.16
5460,64,512,512,800.311
4860,64,512,512,678.992
19355,256,512,512,1942.03
20125,64,2048,512,1995.54
29397,64,512,512,2508.64
26491,64,512,512,2377.91
6978,64,512,512,926.04
12252,64,512,512,1460.86
23425,64,512,512,2137.26
20550,64,512,512,2287.03
6200,64,512,512,856.852
7340,64,512,512,910.46
25190,256,512,512,2255.12
29575,64,2048,512,2507.29
33448,64,512,512,2851.34
35320,64,512,512,2957.12
8490,64,512,512,1080.11
16466,64,512,512,1685.96
25495,64,512,512,2457.8
36244,64,512,512,3062.6
7017,64,512,512,1008.64
11888,64,512,512,1457.45
33082,256,512,512,2668.81
44738,64,2048,512,3101.79
25079,64,512,512,2343.52
31458,64,512,512,2924.67
6391,64,512,512,838.387
14370,64,512,512,1442.48
44130,64,512,512,3423.12
37424,64,512,512,3187.56
10100,64,512,512,1184.32
15476,64,512,512,1836.27
42127,256,512,512,2984.35
29857,64,2048,512,1938.31
18768,64,512,512,1878.39
14559,64,512,512,1724.27
3701,64,512,512,586.631
9011,64,512,512,1134.11
26707,256,512,512,2337.34
26895,64,2048,512,2279.39
46041,64,512,512,3538.04
39819,64,512,512,3545.08
5371,64,512,512,681.898
35052,64,512,512,2726.95
3789,256,512,512,551.227
3298,64,2048,512,625.584
10357,64,512,512,1017.4
5954,64,512,512,1059.99
2109,64,512,512,359.591
2920,64,512,512,364.069
3678,256,512,512,496.765
3035,64,2048,512,570.975
3920,64,512,512,498.144
6539,64,512,512,1097.67
1294,64,512,512,235.849
3906,64,512,512,451.929
6591,256,512,512,912.939
6228,64,2048,512,973.695
10973,64,512,512,1123.94
10235,64,512,512,1465.54
2888,64,512,512,472.849
6614,64,512,512,681.999
5856,256,512,512,784.592
5056,64,2048,512,796.73
21060,64,512,512,1856.3
9576,64,512,512,1407.01
4067,64,512,512,609.402
4228,64,512,512,593.624
4933,256,512,512,678.031
2797,64,2048,512,500.848
16062,64,512,512,1565.57
8583,64,512,512,1201.34
3442,64,512,512,554.742
6578,64,512,512,784.483
0,64,512,512,0
929,64,512,512,208.603
0,64,512,512,0
246,64,512,512,50.4745
14047,256,512,512,1581.93
20596,64,2048,512,2128.51
22905,64,512,512,1959.34
27236,64,512,512,2730.77
5473,64,512,512,538.152
25435,64,512,512,2060.53
0,64,512,512,0
77,64,512,512,18.113
0,64,512,512,0
19,64,512,512,4.44689
1932,256,512,512,289.92
1833,64,2048,512,355.577
8299,64,512,512,1024.35
20258,64,512,512,2300.17
4656,64,512,512,634.981
6968,64,512,512,882.463
39,64,512,512,8.88447
6,64,512,512,1.40054
8,64,512,512,1.79272
20,64,512,512,4.49061
1005,256,512,512,160.335
960,64,2048,512,206.48
15889,64,512,512,1499.27
26465,64,512,512,2603.86
4629,64,512,512,716.06
9380,64,512,512,1106.85
2992,64,512,512,359.548
1844,64,512,512,387.956
640,64,512,512,122.148
401,64,512,512,77.4086
1423,256,512,512,224.808
1698,64,2048,512,355.033
13471,64,512,512,1315.63
25799,64,512,512,2540.37
5084,64,512,512,737.378
10880,64,512,512,1195.52
10658,64,512,512,927.841
7785,64,512,512,1182.96
5360,64,512,512,549.278
2762,64,512,512,325.45
1185,256,512,512,168.059
1198,64,2048,512,244.849
4459,64,512,512,498.352
4413,64,512,512,735.328
1897,64,512,512,301.717
1883,64,512,512,297.179
30410,64,512,512,2476.86
23696,64,512,512,2672.89
14210,64,512,512,1513.26
7168,64,512,512,885.606
1373,256,512,512,193.24
1671,64,2048,512,354.472
5531,64,512,512,610.287
2353,64,512,512,426.534
2904,64,512,512,399.914
743,64,512,512,145.424
0,256,512,512,0
0,64,2048,512,0
9554,64,512,512,1050.23
19357,64,512,512,2146.2
5442,64,512,512,683.08
13274,64,512,512,1133.42
0,256,512,512,0
0,64,2048,512,0
1670,64,512,512,261.167
1644,64,512,512,372.79
1203,64,512,512,189.379
301,64,512,512,60.9313
159,256,512,512,25.2996
274,64,2048,512,63.7744
87,64,512,512,19.8623
193,64,512,512,44.9083
15,64,512,512,3.63734
19,64,512,512,4.59563
0,256,512,512,0
0,64,2048,512,0
0,64,512,512,0
0,64,512,512,0
0,64,512,512,0
0,64,512,512,0
0,256,512,512,0
0,64,2048,512,0
0,64,512,512,0
0,64,512,512,0
0,64,512,512,0
0,64,512,512,0
0,256,512,512,0
0,64,2048,512,0
0,64,512,512,0
0,64,512,512,0
0,64,512,512,0
0,64,512,512,0
128761,64,512,64,1170.98
132877,64,512,64,1235.2
142349,64,512,64,1323.19
122501,64,512,64,1143.95
657561,256,512,64,5713.38
587093,64,2048,64,1786.83
158760,64,512,64,1515.59
161312,64,512,64,1518.48
154701,64,512,64,1465.32
163812,64,512,64,1547.99
138452,64,512,64,1321.4
140197,64,512,64,1333.73
139415,64,512,64,1324.23
130440,64,512,64,1237.44
615379,256,512,64,5354.08
552458,64,2048,64,1684.12
122396,64,512,64,1162.49
163814,64,512,64,1541.56
119017,64,512,64,1123.32
156550,64,512,64,1497.4
130692,64,512,64,1231.62
144385,64,512,64,1356.52
131820,64,512,64,1254.49
133155,64,512,64,1274.24
629035,256,512,64,5477.24
550086,64,2048,64,1688.63
129969,64,512,64,1237.03
164324,64,512,64,1549.86
131426,64,512,64,1262.1
157607,64,512,64,1515.96
132401,64,512,64,1272.27
158040,64,512,64,1499.94
136023,64,512,64,1315.85
146596,64,512,64,1412.72
640824,256,512,64,5704.25
560424,64,2048,64,1722.92
133334,64,512,64,1289.56
165516,64,512,64,1584.13
134172,64,512,64,1297.99
161231,64,512,64,1560.56
128782,64,512,64,1238.05
171580,64,512,64,1646.86
135490,64,512,64,1316.03
157572,64,512,64,1513.26
655737,256,512,64,5804
588044,64,2048,64,1811.16
125661,64,512,64,1213.87
154825,64,512,64,1481.72
127452,64,512,64,1230.72
153730,64,512,64,1490.03
129316,64,512,64,1246.06
176891,64,512,64,1692.63
141501,64,512,64,1334.13
161782,64,512,64,1378.93
673253,256,512,64,5584.26
611291,64,2048,64,1855.36
102691,64,512,64,959.829
136832,64,512,64,1298.15
105460,64,512,64,1002.52
134494,64,512,64,1284.82
546132,256,512,64,4912.25
478771,64,2048,64,1473.62
126309,64,512,64,1202.78
127433,64,512,64,1212.97
124950,64,512,64,1197.67
136926,64,512,64,1285.86
512834,256,512,64,4740.61
430911,64,2048,64,1339.09
89535,64,512,64,858.55
142150,64,512,64,1361.02
83912,64,512,64,808.643
126151,64,512,64,1192.68
526135,256,512,64,4767.33
434134,64,2048,64,1331.72
100634,64,512,64,958.247
132334,64,512,64,1256.72
96583,64,512,64,922.638
120956,64,512,64,1142.66
527460,256,512,64,4807.49
428269,64,2048,64,1324.7
103808,64,512,64,992.273
127274,64,512,64,1204.83
102659,64,512,64,978.543
119034,64,512,64,1134.82
529427,256,512,64,4801.4
424951,64,2048,64,1320.16
117377,64,512,64,1121.83
122898,64,512,64,1174.27
114955,64,512,64,1099.93
118573,64,512,64,1129.8
504860,256,512,64,4639.24
400093,64,2048,64,1255.86
115234,64,512,64,1100.09
120376,64,512,64,1144
114692,64,512,64,1094.05
119087,64,512,64,1137.21
82388,64,512,64,808.577
95040,64,512,64,907.952
95047,64,512,64,914.946
81972,64,512,64,795.738
559163,256,512,64,5019.41
479025,64,2048,64,1460.68
123005,64,512,64,1175.38
134139,64,512,64,1263.97
117970,64,512,64,1130.06
136606,64,512,64,1309.1
108827,64,512,64,1040.02
113602,64,512,64,1086.74
110167,64,512,64,1059.2
103331,64,512,64,986.782
500782,256,512,64,4595.22
433174,64,2048,64,1331.57
83660,64,512,64,810.334
139159,64,512,64,1340.08
79680,64,512,64,770.096
128804,64,512,64,1220.56
93269,64,512,64,890.056
116477,64,512,64,1109.11
96336,64,512,64,918.82
100708,64,512,64,954.622
513866,256,512,64,4653.1
431100,64,2048,64,1329.68
94610,64,512,64,902.519
138919,64,512,64,1311.72
97046,64,512,64,927.759
129913,64,512,64,1238.12
91737,64,512,64,879.58
128003,64,512,64,1216.01
97528,64,512,64,931.821
111611,64,512,64,1066.62
530735,256,512,64,4837.55
446252,64,2048,64,1379.6
96734,64,512,64,933.5
139126,64,512,64,1338.01
97673,64,512,64,955.365
132027,64,512,64,1270.05
99926,64,512,64,965.118
146522,64,512,64,1417.28
105672,64,512,64,1015.33
131348,64,512,64,1268.39
560299,256,512,64,5159.88
483219,64,2048,64,1493.66
99871,64,512,64,962.484
139835,64,512,64,1338.34
100632,64,512,64,973.841
135476,64,512,64,1311.78
100073,64,512,64,970.275
158983,64,512,64,1523.63
110849,64,512,64,1068.77
140232,64,512,64,1363.69
584554,256,512,64,5369.03
515851,64,2048,64,1588.04
72786,64,512,64,716.238
111169,64,512,64,1068.66
75465,64,512,64,741.625
108697,64,512,64,1051.1
418763,256,512,64,3961.19
331624,64,2048,64,1084.21
104724,64,512,64,1023.16
104369,64,512,64,1006.32
100685,64,512,64,966.081
114837,64,512,64,1020.39
384080,256,512,64,3406.85
294467,64,2048,64,962.059
52376,64,512,64,499.681
108226,64,512,64,1031.53
49216,64,512,64,495.38
88225,64,512,64,845.188
390912,256,512,64,3659.36
292071,64,2048,64,965.632
68275,64,512,64,655.725
97898,64,512,64,934.464
65237,64,512,64,635.172
82951,64,512,64,793.874
395711,256,512,64,3634.66
291221,64,2048,64,976.506
71474,64,512,64,681.223
99155,64,512,64,947.638
69597,64,512,64,663.99
91595,64,512,64,873.341
386282,256,512,64,3524.95
286061,64,2048,64,948.341
74946,64,512,64,725.693
93347,64,512,64,875.161
73526,64,512,64,695.289
87577,64,512,64,840.571
372892,256,512,64,3454.1
268393,64,2048,64,922.801
83966,64,512,64,801.44
91238,64,512,64,870.985
82765,64,512,64,798.783
85516,64,512,64,822.239
48820,64,512,64,478.252
61079,64,512,64,627.449
59699,64,512,64,578.156
49720,64,512,64,487.415
457008,256,512,64,4195.47
380232,64,2048,64,1178.93
100329,64,512,64,968.414
112503,64,512,64,1066.11
94479,64,512,64,913.424
114846,64,512,64,1089.49
82527,64,512,64,796.611
86541,64,512,64,833.657
84021,64,512,64,812.542
74658,64,512,64,721.185
371268,256,512,64,3454.46
296938,64,2048,64,963.444
59207,64,512,64,578.539
110975,64,512,64,1055.21
55989,64,512,64,549.99
99131,64,512,64,947.386
59373,64,512,64,590.607
88269,64,512,64,745.947
64712,64,512,64,558.126
69763,64,512,64,604.243
383955,256,512,64,3461
302682,64,2048,64,986
75307,64,512,64,727.041
120987,64,512,64,1148.14
74395,64,512,64,726.008
110489,64,512,64,1052.75
69106,64,512,64,677.484
107546,64,512,64,1017.91
74384,64,512,64,722.288
86780,64,512,64,830.698
406737,256,512,64,3803.32
316678,64,2048,64,1011.24
75207,64,512,64,728.3
115311,64,512,64,1096.84
77122,64,512,64,746.085
106452,64,512,64,1008.41
75019,64,512,64,721.501
125521,64,512,64,1194.73
83525,64,512,64,808.058
105434,64,512,64,1008.62
445126,256,512,64,4097.82
360576,64,2048,64,1120.3
66207,64,512,64,638.609
107436,64,512,64,1018.99
69103,64,512,64,676.974
100659,64,512,64,964.12
80509,64,512,64,777.733
140067,64,512,64,1322.96
94610,64,512,64,910.411
117697,64,512,64,1141
469702,256,512,64,4307.8
393501,64,2048,64,1218.82
53044,64,512,64,519.434
91720,64,512,64,892.044
54347,64,512,64,537.218
87767,64,512,64,848.215
319674,256,512,64,3118.62
246891,64,2048,64,876.195
64552,64,512,64,639.556
73664,64,512,64,731.891
61364,64,512,64,605.205
83434,64,512,64,818.321
237924,256,512,64,2358.57
152630,64,2048,64,639.857
32419,64,512,64,366.866
75766,64,512,64,752.066
30510,64,512,64,347.707
57281,64,512,64,556.504
239685,256,512,64,2432.02
155797,64,2048,64,650.152
43886,64,512,64,444.663
73089,64,512,64,733.025
39292,64,512,64,395.739
62094,64,512,64,604.064
241817,256,512,64,2370.93
154531,64,2048,64,644.032
49628,64,512,64,485.698
57036,64,512,64,590.06
48540,64,512,64,478.875
49310,64,512,64,481.179
219154,256,512,64,2128.35
147362,64,2048,64,618.488
33528,64,512,64,350.78
53373,64,512,64,566.803
34631,64,512,64,365.677
44365,64,512,64,431.939
195846,256,512,64,1938.06
120625,64,2048,64,510.047
54241,64,512,64,544.595
71756,64,512,64,699.18
51254,64,512,64,514.256
64594,64,512,64,620.112
45935,64,512,64,436.52
46296,64,512,64,492.766
52919,64,512,64,505.941
38370,64,512,64,367.405
331367,256,512,64,3152.53
265406,64,2048,64,892.886
65174,64,512,64,627.933
85635,64,512,64,828.762
59884,64,512,64,574.674
89665,64,512,64,856.961
45262,64,512,64,443.924
57303,64,512,64,590.577
48014,64,512,64,468.429
44781,64,512,64,444.289
250381,256,512,64,2379.56
189258,64,2048,64,704.174
40322,64,512,64,416.679
85967,64,512,64,838.324
36932,64,512,64,384.338
74639,64,512,64,721.271
44052,64,512,64,450.36
61540,64,512,64,603.688
47508,64,512,64,487.63
46746,64,512,64,486.26
265383,256,512,64,2513.9
195030,64,2048,64,718.512
42118,64,512,64,432.39
91334,64,512,64,875.265
42774,64,512,64,418.896
79227,64,512,64,769.474
38467,64,512,64,408.761
71031,64,512,64,688.326
44005,64,512,64,472.721
53746,64,512,64,546.622
283233,256,512,64,2743.57
202509,64,2048,64,749.347
46461,64,512,64,481.736
78908,64,512,64,763.059
48194,64,512,64,497.281
72580,64,512,64,711.751
43854,64,512,64,462.327
96524,64,512,64,928.941
51673,64,512,64,527.565
76538,64,512,64,751.828
320489,256,512,64,3083.55
247453,64,2048,64,859.851
40847,64,512,64,426.278
81975,64,512,64,788.543
42541,64,512,64,440.28
75412,64,512,64,727.958
49860,64,512,64,510.88
110313,64,512,64,1049.49
61547,64,512,64,597.42
88378,64,512,64,852.411
345592,256,512,64,3260.53
274829,64,2048,64,922.639
25374,64,512,64,266.905
60536,64,512,64,601.211
25890,64,512,64,284.232
57422,64,512,64,557.366
209395,256,512,64,2092.64
151186,64,2048,64,637.048
32695,64,512,64,326.029
42140,64,512,64,451.922
30524,64,512,64,318.585
49135,64,512,64,477.554
126254,256,512,64,1447.68
76575,64,2048,64,452.819
17164,64,512,64,224.509
52044,64,512,64,562.083
14299,64,512,64,197.082
37690,64,512,64,375.969
146819,256,512,64,1587.83
84761,64,2048,64,470.898
23183,64,512,64,276.552
49133,64,512,64,549.141
21266,64,512,64,265.146
36818,64,512,64,366.864
144374,256,512,64,1548.93
87498,64,2048,64,474.878
20567,64,512,64,238.089
39685,64,512,64,396.488
19186,64,512,64,179.21
32050,64,512,64,271.659
133310,256,512,64,1365.48
81004,64,2048,64,423.288
25603,64,512,64,273.737
40168,64,512,64,450.958
23381,64,512,64,259.908
32959,64,512,64,324.331
117647,256,512,64,1305.79
69633,64,2048,64,369.489
23953,64,512,64,278.422
31670,64,512,64,377.755
22904,64,512,64,277.536
28133,64,512,64,306.89
34335,64,512,64,340.216
29747,64,512,64,345.048
42332,64,512,64,411.774
23730,64,512,64,253.705
165318,256,512,64,1727.14
114116,64,2048,64,550.112
34464,64,512,64,345.746
60724,64,512,64,592.176
30956,64,512,64,319.971
62144,64,512,64,599.679
27947,64,512,64,275.598
32084,64,512,64,376.523
31500,64,512,64,310.658
26063,64,512,64,263.252
144805,256,512,64,1572.6
93516,64,2048,64,508.046
19984,64,512,64,271.919
51570,64,512,64,508.862
18956,64,512,64,256.072
45617,64,512,64,451.558
17384,64,512,64,253.726
30722,64,512,64,372.01
20613,64,512,64,264.881
23618,64,512,64,318.512
150601,256,512,64,1641.76
91018,64,2048,64,491.379
22986,64,512,64,306.098
50560,64,512,64,519.71
23332,64,512,64,290.95
48332,64,512,64,499.091
18710,64,512,64,232.069
48771,64,512,64,515.952
22976,64,512,64,266.512
37207,64,512,64,430.805
158689,256,512,64,1655.73
91220,64,2048,64,501.343
25803,64,512,64,292.539
51980,64,512,64,530.273
27000,64,512,64,311.042
50793,64,512,64,517.563
22110,64,512,64,295.875
70194,64,512,64,680.462
27829,64,512,64,346.423
55987,64,512,64,582.364
166966,256,512,64,1762.45
100492,64,2048,64,515.136
16560,64,512,64,234.379
39864,64,512,64,436.668
17972,64,512,64,239.109
38720,64,512,64,436.036
24537,64,512,64,290.121
65081,64,512,64,633.838
35051,64,512,64,378.454
54980,64,512,64,585.127
189128,256,512,64,1897.71
109440,64,2048,64,468.348
6244,64,512,64,118.693
26927,64,512,64,341.99
7420,64,512,64,131.307
26093,64,512,64,308.747
53227,256,512,64,734.965
34630,64,2048,64,322.597
13396,64,512,64,188.64
27558,64,512,64,325.928
12282,64,512,64,169.723
32402,64,512,64,362.814
59715,256,512,64,812.81
31978,64,2048,64,343.102
8006,64,512,64,131.998
25723,64,512,64,325.232
7531,64,512,64,126.526
18901,64,512,64,228.677
73174,256,512,64,898.903
37471,64,2048,64,353.358
7276,64,512,64,106.206
25171,64,512,64,312.199
6459,64,512,64,99.7011
19734,64,512,64,224.346
77994,256,512,64,1006
38793,64,2048,64,352.243
11015,64,512,64,175.008
24419,64,512,64,286.381
10472,64,512,64,165.536
20582,64,512,64,265.78
70998,256,512,64,883.652
35760,64,2048,64,345.248
8285,64,512,64,153.828
20839,64,512,64,240.604
7826,64,512,64,151.147
17985,64,512,64,229.138
61917,256,512,64,801.827
28848,64,2048,64,242.723
11904,64,512,64,175.796
21574,64,512,64,282.91
11724,64,512,64,168.718
20289,64,512,64,232.906
13591,64,512,64,134.774
11834,64,512,64,189.842
18364,64,512,64,179.929
8842,64,512,64,93.9714
107573,256,512,64,1302.06
80849,64,2048,64,441.105
16771,64,512,64,205.988
28842,64,512,64,351.223
13807,64,512,64,177.317
31600,64,512,64,317.436
13156,64,512,64,143.105
15612,64,512,64,239.669
15414,64,512,64,154.899
10938,64,512,64,127.155
48981,256,512,64,707.742
34082,64,2048,64,321.759
7091,64,512,64,129.03
27698,64,512,64,337.236
6302,64,512,64,114.806
21599,64,512,64,265.879
6119,64,512,64,111.98
11183,64,512,64,187.579
7324,64,512,64,123.818
7750,64,512,64,135.294
55048,256,512,64,783.951
35955,64,2048,64,323.151
8454,64,512,64,145.323
27387,64,512,64,347.469
8560,64,512,64,145.501
22070,64,512,64,285.581
7508,64,512,64,136.587
18737,64,512,64,278.996
9838,64,512,64,164.97
12906,64,512,64,200.899
63204,256,512,64,857.223
40951,64,2048,64,318.438
10143,64,512,64,164.833
31538,64,512,64,365.722
10640,64,512,64,166.166
26736,64,512,64,338.056
10085,64,512,64,174.598
31635,64,512,64,388.911
12905,64,512,64,200.634
23675,64,512,64,308.434
75648,256,512,64,969.785
51508,64,2048,64,302.773
8793,64,512,64,132.114
23635,64,512,64,296.336
8673,64,512,64,136.734
20949,64,512,64,248.738
11498,64,512,64,180.705
50919,64,512,64,519.979
15955,64,512,64,227.243
35619,64,512,64,406.494
90763,256,512,64,1116.98
66881,64,2048,64,284.642
2012,64,512,64,46.3688
9731,64,512,64,138.411
2143,64,512,64,48.3693
8160,64,512,64,127.905
53936,256,512,64,732.317
37885,64,2048,64,297.027
4860,64,512,64,70.718
8693,64,512,64,151.39
4594,64,512,64,70.6214
10765,64,512,64,137.783
19771,256,512,64,339.212
11460,64,2048,64,170.378
3116,64,512,64,72.0379
17085,64,512,64,275.237
2706,64,512,64,65.1421
11679,64,512,64,147.532
21492,256,512,64,341.191
12675,64,2048,64,185.538
3128,64,512,64,63.7489
8602,64,512,64,163.61
2649,64,512,64,54.273
5842,64,512,64,92.2508
21069,256,512,64,359.692
12926,64,2048,64,167.52
3130,64,512,64,66.8857
8456,64,512,64,157.603
2888,64,512,64,60.7089
5920,64,512,64,82.9568
16569,256,512,64,280.166
10555,64,2048,64,151.099
3975,64,512,64,71.1982
9829,64,512,64,171.599
3688,64,512,64,67.9299
6880,64,512,64,92.76
14652,256,512,64,229.525
9374,64,2048,64,105.939
2878,64,512,64,60.2833
5607,64,512,64,103.8
2627,64,512,64,54.8835
4187,64,512,64,67.0498
7994,64,512,64,86.6206
6230,64,512,64,136.732
10825,64,512,64,110.696
4266,64,512,64,58.3256
37336,256,512,64,621.063
28863,64,2048,64,278.735
5646,64,512,64,99.1634
17872,64,512,64,266.747
4679,64,512,64,93.9747
21603,64,512,64,245.757
5126,64,512,64,65.4819
5757,64,512,64,128.659
6474,64,512,64,75.9592
3865,64,512,64,60.6882
18332,256,512,64,332.772
14699,64,2048,64,222.67
3668,64,512,64,79.6612
11791,64,512,64,180.105
3797,64,512,64,73.9687
10070,64,512,64,156.631
3401,64,512,64,62.395
5162,64,512,64,107.271
4111,64,512,64,72.4516
3691,64,512,64,72.4898
13036,256,512,64,254.367
9863,64,2048,64,166.527
4359,64,512,64,85.689
13924,64,512,64,208.105
4174,64,512,64,87.9385
11995,64,512,64,180.77
3302,64,512,64,71.8901
7543,64,512,64,142.795
4222,64,512,64,84.7217
6012,64,512,64,106.932
12635,256,512,64,244.485
9668,64,2048,64,160.735
4405,64,512,64,79.0878
10699,64,512,64,172.61
4559,64,512,64,75.9691
9516,64,512,64,152.779
4352,64,512,64,92.6894
15753,64,512,64,235.978
5559,64,512,64,102.023
12052,64,512,64,182.734
14538,256,512,64,296.724
11200,64,2048,64,163.17
2258,64,512,64,52.9566
8183,64,512,64,159.315
2408,64,512,64,51.1905
6857,64,512,64,115.644
4500,64,512,64,100.458
23566,64,512,64,314.114
5989,64,512,64,109.865
17053,64,512,64,245.823
17556,256,512,64,343.503
14256,64,2048,64,115.215
742,64,512,64,19.8795
2728,64,512,64,62.4739
806,64,512,64,23.3108
2370,64,512,64,49.4833
21989,256,512,64,384.608
16969,64,2048,64,227.677
1040,64,512,64,27.3802
6990,64,512,64,141.965
971,64,512,64,24.7673
10210,64,512,64,154.46
4276,256,512,64,87.8592
3145,64,2048,64,70.6484
1083,64,512,64,28.6319
7508,64,512,64,152.489
989,64,512,64,26.369
5246,64,512,64,87.6744
3167,256,512,64,73.838
2309,64,2048,64,53.0058
1566,64,512,64,36.8568
4323,64,512,64,89.3135
1368,64,512,64,32.5501
3317,64,512,64,54.2825
2099,256,512,64,54.0893
1606,64,2048,64,42.2146
1259,64,512,64,31.3956
3983,64,512,64,89.15
1243,64,512,64,31.6547
2880,64,512,64,58.5485
1483,256,512,64,37.0924
1166,64,2048,64,26.9315
827,64,512,64,21.533
1872,64,512,64,47.0042
712,64,512,64,18.5013
1394,64,512,64,29.4777
1887,256,512,64,45.4015
1200,64,2048,64,26.6053
419,64,512,64,12.0213
812,64,512,64,21.13
391,64,512,64,10.3962
645,64,512,64,6.63238
131072,64,512,64,1239.23
131072,64,512,64,1239.88
131072,64,512,64,1239.96
131072,64,512,64,1247.22
524288,256,512,64,4750.16
524288,64,2048,64,1604.58
131072,64,512,64,1247.1
131072,64,512,64,1205.77
131072,64,512,64,1221.97
131072,64,512,64,1218.13
131072,64,512,64,1241.48
131072,64,512,64,1256.97
131072,64,512,64,1237.69
131072,64,512,64,1248.13
524288,256,512,64,4703.66
524288,64,2048,64,1604.47
131072,64,512,64,1243.43
131072,64,512,64,1241.48
131072,64,512,64,1249.75
131072,64,512,64,1251.9
131071,64,512,64,1235.02
131072,64,512,64,1242.52
131072,64,512,64,1254.46
131072,64,512,64,1245.21
524288,256,512,64,4726.98
524288,64,2048,64,1607.84
131072,64,512,64,1240.33
131072,64,512,64,1243.76
131072,64,512,64,1255.91
131072,64,512,64,1255.9
131072,64,512,64,1244.1
131072,64,512,64,1247.15
131072,64,512,64,1248.42
131072,64,512,64,1244.63
524288,256,512,64,4783.04
524287,64,2048,64,1616.37
131072,64,512,64,1240.68
131072,64,512,64,1249.69
131072,64,512,64,1243.45
131072,64,512,64,1241.15
131072,64,512,64,1253.92
131072,64,512,64,1248.7
131072,64,512,64,1250.01
131072,64,512,64,1250.04
524288,256,512,64,4700.02
524288,64,2048,64,1604.07
131072,64,512,64,1250.27
131072,64,512,64,1245.03
131072,64,512,64,1248.41
131072,64,512,64,1245.63
131072,64,512,64,1247.72
131072,64,512,64,1242.42
131072,64,512,64,1245.26
131072,64,512,64,1241.45
524288,256,512,64,4730.29
524288,64,2048,64,1605.27
131072,64,512,64,1255.33
131072,64,512,64,1255.04
131072,64,512,64,1249.88
131072,64,512,64,1237.52
524288,256,512,64,4767.22
524288,64,2048,64,1618.23
131072,64,512,64,1246.42
131072,64,512,64,1261.87
131072,64,512,64,1259.82
131072,64,512,64,1164.31
524288,256,512,64,4695.44
524288,64,2048,64,1609.26
131072,64,512,64,1217.39
131072,64,512,64,1212.08
131072,64,512,64,1211.2
131072,64,512,64,1239.79
524288,256,512,64,4682.34
524288,64,2048,64,1623.07
131072,64,512,64,1243.24
131072,64,512,64,1229.42
131072,64,512,64,1253.54
131072,64,512,64,1238.48
524288,256,512,64,4768.58
524288,64,2048,64,1613.93
131072,64,512,64,1249.54
131072,64,512,64,1242.08
131072,64,512,64,1246.18
131072,64,512,64,1245.65
524288,256,512,64,4734.56
524288,64,2048,64,1609.56
131072,64,512,64,1271.22
131072,64,512,64,1253.32
131072,64,512,64,1257.03
131072,64,512,64,1255.52
524288,256,512,64,4791.57
524288,64,2048,64,1615.88
131072,64,512,64,1256.83
131072,64,512,64,1257.31
131072,64,512,64,1258.05
131072,64,512,64,1256.76
104857,64,512,64,1012.27
104857,64,512,64,1005.92
104857,64,512,64,1010.06
104857,64,512,64,1017.4
419430,256,512,64,3967.93
419430,64,2048,64,1302.48
104857,64,512,64,1020.9
104857,64,512,64,1015.56
104857,64,512,64,1017.15
104857,64,512,64,1028.02
104857,64,512,64,1017.28
104857,64,512,64,1020.67
104857,64,512,64,1009.48
104857,64,512,64,1006.97
419430,256,512,64,3992.81
419430,64,2048,64,1301.57
104857,64,512,64,1009.42
104857,64,512,64,1006.38
104857,64,512,64,929.108
104857,64,512,64,861.681
104857,64,512,64,888.683
104856,64,512,64,913.906
104857,64,512,64,962.608
104857,64,512,64,984.341
419430,256,512,64,3946.97
419430,64,2048,64,1299.33
104857,64,512,64,989.461
104857,64,512,64,1002.13
104857,64,512,64,1002.94
104857,64,512,64,1010.43
104857,64,512,64,1007.25
104857,64,512,64,1004.47
104857,64,512,64,1000.84
104857,64,512,64,1005.65
419429,256,512,64,3895.14
419429,64,2048,64,1293.06
104857,64,512,64,996.253
104857,64,512,64,999.399
104857,64,512,64,999.613
104857,64,512,64,997.272
104857,64,512,64,999.827
104857,64,512,64,997.153
104857,64,512,64,1003.28
104857,64,512,64,1001.42
419430,256,512,64,3889.55
419430,64,2048,64,1294.47
104857,64,512,64,1012.61
104857,64,512,64,1006.4
104857,64,512,64,1006.5
104857,64,512,64,1021.16
104857,64,512,64,1011.96
104857,64,512,64,1008.8
104857,64,512,64,1013.48
104857,64,512,64,1021.24
419430,256,512,64,3951.2
419430,64,2048,64,1301.16
104857,64,512,64,1017.69
104857,64,512,64,1017.82
104857,64,512,64,1010.05
104857,64,512,64,927.034
419430,256,512,64,3680.82
419430,64,2048,64,1286.78
104857,64,512,64,977.185
104857,64,512,64,986.807
104857,64,512,64,991.273
104857,64,512,64,994.883
419430,256,512,64,3878.76
419430,64,2048,64,1314.25
104857,64,512,64,993.198
104857,64,512,64,1000.5
104857,64,512,64,1002
104857,64,512,64,1013.24
419430,256,512,64,3076.5
419430,64,2048,64,1303.27
104857,64,512,64,980.624
104857,64,512,64,976.116
104857,64,512,64,978.725
104857,64,512,64,984.398
419430,256,512,64,3863.48
419430,64,2048,64,1311.85
104857,64,512,64,1001.61
104857,64,512,64,1004.44
104857,64,512,64,999.494
104857,64,512,64,1006.94
419429,256,512,64,3880.86
419430,64,2048,64,1296.34
104857,64,512,64,990.992
104857,64,512,64,992.693
104857,64,512,64,994.989
104857,64,512,64,1004.04
419430,256,512,64,3924.35
419430,64,2048,64,1291.03
104857,64,512,64,989.566
104857,64,512,64,990.43
104857,64,512,64,982.646
104857,64,512,64,912.751
78643,64,512,64,709.181
78642,64,512,64,733.574
78643,64,512,64,740.709
78643,64,512,64,740.927
314572,256,512,64,3014.11
314572,64,2048,64,1003.85
78643,64,512,64,760.386
78643,64,512,64,769.143
78643,64,512,64,768.983
78643,64,512,64,781.574
78643,64,512,64,774.645
78643,64,512,64,768.739
78643,64,512,64,777.508
78643,64,512,64,774.426
314572,256,512,64,3087.1
314571,64,2048,64,1009.1
78643,64,512,64,785.193
78643,64,512,64,768.664
78643,64,512,64,778.412
78643,64,512,64,764.888
78643,64,512,64,776.596
78643,64,512,64,776.615
78643,64,512,64,766.762
78643,64,512,64,769.416
314572,256,512,64,3055.06
314572,64,2048,64,998.998
78643,64,512,64,763.144
78643,64,512,64,714.659
78643,64,512,64,703.417
78643,64,512,64,707.355
78643,64,512,64,709.397
78643,64,512,64,731.426
78643,64,512,64,734.277
78643,64,512,64,743.132
314572,256,512,64,3011.73
314572,64,2048,64,992.192
78643,64,512,64,758.452
78643,64,512,64,752.852
78643,64,512,64,758.863
78643,64,512,64,748.134
78643,64,512,64,756.282
78643,64,512,64,760.322
78643,64,512,64,746.288
78643,64,512,64,769.387
314572,256,512,64,2983.03
314572,64,2048,64,975.554
78643,64,512,64,758.543
78643,64,512,64,752.915
78643,64,512,64,759.56
78643,64,512,64,748.277
78643,64,512,64,757.247
78643,64,512,64,757.22
78643,64,512,64,760.34
78643,64,512,64,762.025
314572,256,512,64,2994
314572,64,2048,64,972.725
78643,64,512,64,745.369
78643,64,512,64,734.466
78643,64,512,64,741.949
78643,64,512,64,761.989
314572,256,512,64,3019.21
314572,64,2048,64,1000.74
78643,64,512,64,751.171
78643,64,512,64,757.812
78643,64,512,64,751.602
78643,64,512,64,757.931
314572,256,512,64,3020.73
314572,64,2048,64,1004.22
78643,64,512,64,764.572
78643,64,512,64,754.631
78643,64,512,64,768.129
78643,64,512,64,763.848
314572,256,512,64,3049.39
314572,64,2048,64,1041.3
78643,64,512,64,754.531
78643,64,512,64,759.12
78643,64,512,64,754.948
78643,64,512,64,766.827
314572,256,512,64,3032.16
314571,64,2048,64,1010.31
78643,64,512,64,750.526
78643,64,512,64,751.485
78643,64,512,64,750.974
78643,64,512,64,738.969
314572,256,512,64,3019.65
314572,64,2048,64,986.924
78643,64,512,64,769.595
78643,64,512,64,749.819
78643,64,512,64,768.974
78643,64,512,64,755.955
314572,256,512,64,2996.81
314572,64,2048,64,970.34
78643,64,512,64,761.435
78643,64,512,64,748.642
78643,64,512,64,760.175
78643,64,512,64,757.675
52428,64,512,64,505.33
52428,64,512,64,517.322
52428,64,512,64,521.879
52428,64,512,64,534.141
209715,256,512,64,2041.29
209715,64,2048,64,741.288
52428,64,512,64,519.79
52428,64,512,64,509.969
52428,64,512,64,518.935
52428,64,512,64,513.71
52428,64,512,64,510.751
52428,64,512,64,534.652
52428,64,512,64,514.353
52428,64,512,64,524.903
209715,256,512,64,2041.32
209715,64,2048,64,750.06
52428,64,512,64,523.717
52428,64,512,64,538.392
52428,64,512,64,522.25
52428,64,512,64,515.06
52428,64,512,64,514.826
52428,64,512,64,543.302
52428,64,512,64,512.086
52428,64,512,64,517.564
209715,256,512,64,2087.49
209715,64,2048,64,773.269
52428,64,512,64,542.157
52428,64,512,64,554.383
52428,64,512,64,527.571
52428,64,512,64,532.839
52428,64,512,64,548.073
52428,64,512,64,550.873
52428,64,512,64,535.171
52428,64,512,64,530.883
209715,256,512,64,2087.44
209715,64,2048,64,755.611
52428,64,512,64,520.913
52428,64,512,64,546.417
52428,64,512,64,525.778
52428,64,512,64,536.025
52428,64,512,64,546.424
52428,64,512,64,531.63
52428,64,512,64,539.987
52428,64,512,64,545.074
209715,256,512,64,2093.62
209715,64,2048,64,755.539
52428,64,512,64,521.075
52428,64,512,64,541.087
52428,64,512,64,519.333
52428,64,512,64,515.433
52428,64,512,64,530.755
52428,64,512,64,535.478
52428,64,512,64,519.796
52428,64,512,64,530.695
209715,256,512,64,2049.77
209715,64,2048,64,724.07
52428,64,512,64,533.679
52428,64,512,64,536.396
52428,64,512,64,535.068
52428,64,512,64,521.652
209715,256,512,64,2060.85
209715,64,2048,64,742.604
52428,64,512,64,537.702
52428,64,512,64,537.193
52428,64,512,64,557.167
52428,64,512,64,526.015
209715,256,512,64,2085.91
209715,64,2048,64,766.458
52428,64,512,64,541.591
52428,64,512,64,535.957
52428,64,512,64,543.042
52428,64,512,64,539.494
209715,256,512,64,2067.23
209715,64,2048,64,777.991
52428,64,512,64,535.676
52428,64,512,64,520.48
52428,64,512,64,517.718
52428,64,512,64,539.563
209715,256,512,64,2049.72
209715,64,2048,64,758.509
52428,64,512,64,539.806
52428,64,512,64,515.63
52428,64,512,64,535.676
52428,64,512,64,523.534
209715,256,512,64,2085.73
209715,64,2048,64,755.938
52428,64,512,64,539.855
52428,64,512,64,534.053
52428,64,512,64,538.061
52428,64,512,64,464.55
209715,256,512,64,1949.77
209715,64,2048,64,714.227
52428,64,512,64,509.442
52428,64,512,64,512.298
52428,64,512,64,525.252
52428,64,512,64,533.543
26214,64,512,64,302.048
26214,64,512,64,266.897
26214,64,512,64,299.61
26214,64,512,64,327.328
104857,256,512,64,1153.53
104857,64,2048,64,481.134
26214,64,512,64,313.405
26214,64,512,64,279.158
26214,64,512,64,310.929
26214,64,512,64,320.289
26214,64,512,64,305.378
26214,64,512,64,313.354
26214,64,512,64,289.075
26214,64,512,64,313.391
104857,256,512,64,1248.35
104857,64,2048,64,488.397
26214,64,512,64,261.728
26214,64,512,64,279.184
26214,64,512,64,262.356
26214,64,512,64,271.117
26214,64,512,64,309.698
26214,64,512,64,305.917
26214,64,512,64,307.5
26214,64,512,64,307.279
104857,256,512,64,1254.98
104857,64,2048,64,477.203
26214,64,512,64,305.738
26214,64,512,64,329.327
26214,64,512,64,296.333
26214,64,512,64,283.751
26214,64,512,64,327.962
26214,64,512,64,313.584
26214,64,512,64,327.486
26214,64,512,64,334.112
104857,256,512,64,1291.84
104857,64,2048,64,463.694
26214,64,512,64,312.579
26214,64,512,64,327.226
26214,64,512,64,322.114
26214,64,512,64,274.051
26214,64,512,64,325.287
26214,64,512,64,327.236
26214,64,512,64,327.721
26214,64,512,64,323.65
104857,256,512,64,1274.14
104857,64,2048,64,471.662
26214,64,512,64,319.912
26214,64,512,64,309.155
26214,64,512,64,314.067
26214,64,512,64,297.299
26214,64,512,64,351.136
26214,64,512,64,313.518
26214,64,512,64,347.309
26214,64,512,64,332.391
104857,256,512,64,1276.39
104857,64,2048,64,392.616
26214,64,512,64,333.947
26214,64,512,64,280.457
26214,64,512,64,342.88
26214,64,512,64,298.374
104857,256,512,64,1232.13
104857,64,2048,64,461.021
26214,64,512,64,304.248
26214,64,512,64,301.176
26214,64,512,64,355.529
26214,64,512,64,306.234
104857,256,512,64,1299.61
104857,64,2048,64,475.831
26214,64,512,64,326.294
26214,64,512,64,320.372
26214,64,512,64,324.075
26214,64,512,64,329.97
104857,256,512,64,1220.03
104857,64,2048,64,510.57
26214,64,512,64,329.1
26214,64,512,64,324.833
26214,64,512,64,322.748
26214,64,512,64,329.208
104857,256,512,64,1108.06
104857,64,2048,64,485.843
26214,64,512,64,327.174
26214,64,512,64,318.484
26214,64,512,64,308.337
26214,64,512,64,312.392
104857,256,512,64,1173.49
104857,64,2048,64,474.689
26214,64,512,64,322.922
26214,64,512,64,311.344
26214,64,512,64,302.013
26214,64,512,64,327.302
104857,256,512,64,1285.49
104857,64,2048,64,450.891
26214,64,512,64,327.287
26214,64,512,64,305.707
26214,64,512,64,323.67
26214,64,512,64,321.452
13107,64,512,64,190.416
13107,64,512,64,154.441
13107,64,512,64,182.82
13107,64,512,64,191.35
52428,256,512,64,674.587
52428,64,2048,64,325.893
13107,64,512,64,183.874
13107,64,512,64,162.646
13107,64,512,64,182.324
13107,64,512,64,185.291
13107,64,512,64,205.536
13107,64,512,64,195.876
13107,64,512,64,194.47
13107,64,512,64,188.978
52428,256,512,64,788.392
52428,64,2048,64,324.597
13107,64,512,64,201.341
13107,64,512,64,199.726
13107,64,512,64,191.546
13107,64,512,64,192.63
13107,64,512,64,207.583
13107,64,512,64,198.509
13107,64,512,64,205.054
13107,64,512,64,200.096
52428,256,512,64,785.498
52428,64,2048,64,332.718
13107,64,512,64,178.966
13107,64,512,64,204.869
13107,64,512,64,189.121
13107,64,512,64,174.574
13107,64,512,64,205.806
13107,64,512,64,195.609
13107,64,512,64,203.159
13107,64,512,64,205.467
52428,256,512,64,777.677
52427,64,2048,64,324.621
13107,64,512,64,205.641
13107,64,512,64,196.294
13107,64,512,64,202.027
13107,64,512,64,201.04
13107,64,512,64,209.394
13107,64,512,64,198.633
13107,64,512,64,203.099
13107,64,512,64,200.905
52428,256,512,64,790.324
52428,64,2048,64,300.191
13107,64,512,64,205.608
13107,64,512,64,182.276
13107,64,512,64,205.23
13107,64,512,64,198.531
13107,64,512,64,209.926
13107,64,512,64,207.451
13107,64,512,64,205.875
13107,64,512,64,206.097
52428,256,512,64,776.641
52428,64,2048,64,231.883
13107,64,512,64,202.421
13107,64,512,64,162.163
13107,64,512,64,204.028
13107,64,512,64,203.707
52428,256,512,64,726.239
52428,64,2048,64,373.393
13107,64,512,64,171.317
13107,64,512,64,128.787
13107,64,512,64,189.778
13107,64,512,64,172.873
52428,256,512,64,701.051
52427,64,2048,64,329.466
13107,64,512,64,202.887
13107,64,512,64,189.854
13107,64,512,64,197.607
13107,64,512,64,195.507
52427,256,512,64,628.226
52428,64,2048,64,343.487
13107,64,512,64,197.332
13107,64,512,64,189.799
13107,64,512,64,197.842
13107,64,512,64,203.423
52428,256,512,64,616.946
52428,64,2048,64,351.106
13107,64,512,64,199.814
13107,64,512,64,185.55
13107,64,512,64,178.567
13107,64,512,64,195.012
52428,256,512,64,780.906
52428,64,2048,64,340.763
13107,64,512,64,205.178
13107,64,512,64,182.724
13107,64,512,64,204.462
13107,64,512,64,206.142
52428,256,512,64,780.601
52428,64,2048,64,309.011
13107,64,512,64,187.749
13107,64,512,64,174.531
13107,64,512,64,177.146
13107,64,512,64,203.103
5242,64,512,64,98.3143
5242,64,512,64,78.2521
5242,64,512,64,96.9954
5242,64,512,64,106.488
20971,256,512,64,317.683
20971,64,2048,64,204.755
5242,64,512,64,101.234
5242,64,512,64,90.4221
5242,64,512,64,102.313
5242,64,512,64,97.0425
5242,64,512,64,99.4215
5242,64,512,64,101.762
5242,64,512,64,97.8692
5242,64,512,64,98.8706
20971,256,512,64,391.853
20971,64,2048,64,223.956
5242,64,512,64,98.3789
5242,64,512,64,106.95
5242,64,512,64,90.5041
5242,64,512,64,100.014
5242,64,512,64,111.734
5242,64,512,64,103.359
5242,64,512,64,107.583
5242,64,512,64,107.226
20971,256,512,64,390.412
20971,64,2048,64,225.525
5242,64,512,64,103.633
5242,64,512,64,107.218
5242,64,512,64,103.131
5242,64,512,64,95.1317
5242,64,512,64,109.999
5242,64,512,64,107.852
5242,64,512,64,105.688
5242,64,512,64,97.5663
20971,256,512,64,392.439
20971,64,2048,64,211.919
5242,64,512,64,107.44
5242,64,512,64,108.041
5242,64,512,64,106.057
5242,64,512,64,104.516
5242,64,512,64,69.6416
5242,64,512,64,74.5451
5242,64,512,64,82.4572
5242,64,512,64,83.1125
20971,256,512,64,319.425
20971,64,2048,64,200.198
5242,64,512,64,95.0928
5242,64,512,64,85.8817
5242,64,512,64,101.356
5242,64,512,64,99.9451
5242,64,512,64,111.121
5242,64,512,64,102.156
5242,64,512,64,104.662
5242,64,512,64,106.041
20971,256,512,64,380.832
20971,64,2048,64,166.647
5242,64,512,64,111.289
5242,64,512,64,75.0803
5242,64,512,64,105.227
5242,64,512,64,102.445
20971,256,512,64,429.888
20971,64,2048,64,239.795
5242,64,512,64,96.9304
5242,64,512,64,98.3258
5242,64,512,64,109.208
5242,64,512,64,83.4017
20971,256,512,64,386.428
20971,64,2048,64,220.394
5242,64,512,64,107.347
5242,64,512,64,92.9143
5242,64,512,64,102.503
5242,64,512,64,109.585
20971,256,512,64,339.618
20971,64,2048,64,220.721
5242,64,512,64,109.849
5242,64,512,64,100.597
5242,64,512,64,105.638
5242,64,512,64,106.569
20971,256,512,64,286.24
20971,64,2048,64,210.199
5242,64,512,64,106.895
5242,64,512,64,95.4239
5242,64,512,64,107.119
5242,64,512,64,105.182
20970,256,512,64,285.481
20971,64,2048,64,200.939
5242,64,512,64,102.991
5242,64,512,64,95.5849
5242,64,512,64,96.9393
5242,64,512,64,109.99
20971,256,512,64,363.087
20971,64,2048,64,201.158
5242,64,512,64,99.3743
5242,64,512,64,89.4538
5242,64,512,64,92.3191
5242,64,512,64,102.591
131072,64,512,64,1247
131072,64,512,64,1245.41
131072,64,512,64,1252.94
131072,64,512,64,1249.46
524288,256,512,64,4812.79
524288,64,2048,64,1602.92
131072,64,512,64,1251.45
131072,64,512,64,1251.54
131072,64,512,64,1251.78
131072,64,512,64,1220.27
131072,64,512,64,1120.32
131072,64,512,64,1142.57
131072,64,512,64,1189.02
131072,64,512,64,1215.53
524288,256,512,64,4737.88
524288,64,2048,64,1600.14
131072,64,512,64,1250.06
131072,64,512,64,1250.16
131072,64,512,64,1259.5
131072,64,512,64,1250.19
131072,64,512,64,1250.22
131072,64,512,64,1250.24
131072,64,512,64,1257.84
131072,64,512,64,1259.81
524288,256,512,64,4824.75
524288,64,2048,64,1602.88
131072,64,512,64,1249.27
131072,64,512,64,1251.52
131072,64,512,64,1244.35
131072,64,512,64,1262.49
131072,64,512,64,1255.67
131072,64,512,64,1254.41
131072,64,512,64,1248.93
131072,64,512,64,1251.93
524288,256,512,64,4741.41
524288,64,2048,64,1598.77
131072,64,512,64,1088.6
131072,64,512,64,1145.02
131072,64,512,64,1192.24
131072,64,512,64,1204.29
131072,64,512,64,1231.4
131072,64,512,64,1223.71
131072,64,512,64,1225.09
131072,64,512,64,1250.89
524288,256,512,64,4736.59
524288,64,2048,64,1603.11
131072,64,512,64,1257.68
131072,64,512,64,1240.08
131072,64,512,64,1248.04
131072,64,512,64,1251.18
131072,64,512,64,1253.87
131072,64,512,64,1241.92
131072,64,512,64,1254.17
131072,64,512,64,1244.11
524288,256,512,64,4752.31
524288,64,2048,64,1605.2
131072,64,512,64,1256.77
131072,64,512,64,1246.3
131072,64,512,64,1247.44
131072,64,512,64,1255.25
524288,256,512,64,4717.57
524288,64,2048,64,1608.62
131072,64,512,64,1256.4
131072,64,512,64,1255.04
131072,64,512,64,1246.69
131072,64,512,64,1251.22
524288,256,512,64,4743.13
524288,64,2048,64,1601.99
131072,64,512,64,1257.8
131072,64,512,64,1251.49
131072,64,512,64,1251.42
131072,64,512,64,1250.49
524288,256,512,64,4733.92
524288,64,2048,64,1605.28
131072,64,512,64,1256.53
131072,64,512,64,1246.14
131072,64,512,64,1249.43
131072,64,512,64,1256.8
524288,256,512,64,4765.82
524288,64,2048,64,1598.24
131072,64,512,64,1253.14
131072,64,512,64,1255.37
131072,64,512,64,1247.52
131072,64,512,64,1252.73
524288,256,512,64,4759.65
524288,64,2048,64,1591.83
131072,64,512,64,1229.55
131072,64,512,64,1220.64
131072,64,512,64,1216.71
131072,64,512,64,1258.23
524288,256,512,64,4746.45
524288,64,2048,64,1611.16
131072,64,512,64,1251.31
131072,64,512,64,1255.22
131072,64,512,64,1241.28
131072,64,512,64,1258.93
104857,64,512,64,1004.16
104857,64,512,64,999.279
104857,64,512,64,993.599
104857,64,512,64,997.889
419430,256,512,64,3835.88
419430,64,2048,64,1288.56
104857,64,512,64,996.383
104857,64,512,64,998.186
104857,64,512,64,987.249
104857,64,512,64,993.586
104857,64,512,64,998.934
104857,64,512,64,995.698
104857,64,512,64,999.78
104857,64,512,64,999.566
419430,256,512,64,3905.03
419431,64,2048,64,1290.38
104857,64,512,64,999.089
104857,64,512,64,997.521
104857,64,512,64,997.924
104857,64,512,64,997.663
104857,64,512,64,1002.04
104857,64,512,64,1003.34
104857,64,512,64,1001.67
104857,64,512,64,997.343
419430,256,512,64,3913.5
419430,64,2048,64,1292.21
104857,64,512,64,999.232
104857,64,512,64,994.258
104857,64,512,64,1002.58
104857,64,512,64,997.663
104857,64,512,64,997.426
104857,64,512,64,998.198
104857,64,512,64,1000.51
104857,64,512,64,997.687
419430,256,512,64,3908.85
419430,64,2048,64,1291.14
104857,64,512,64,998.994
104857,64,512,64,999.208
104857,64,512,64,1002.71
104857,64,512,64,999.22
104857,64,512,64,999.137
104857,64,512,64,996.502
104857,64,512,64,996.336
104857,64,512,64,994.269
419430,256,512,64,3913
419430,64,2048,64,1293.88
104857,64,512,64,864.799
104857,64,512,64,913.357
104857,64,512,64,935.366
104857,64,512,64,971.977
104857,64,512,64,969.024
104857,64,512,64,977.459
104857,64,512,64,979.056
104857,64,512,64,998.661
419430,256,512,64,3896.41
419430,64,2048,64,1291.63
104857,64,512,64,993.327
104857,64,512,64,1005.05
104857,64,512,64,992.446
104857,64,512,64,997.153
419430,256,512,64,3852.48
419430,64,2048,64,1294.47
104857,64,512,64,993.457
104857,64,512,64,996.029
104857,64,512,64,1006.42
104857,64,512,64,999.732
419430,256,512,64,3858.02
419430,64,2048,64,1290.47
104857,64,512,64,998.732
104857,64,512,64,996.182
104857,64,512,64,995.508
104857,64,512,64,840.898
419430,256,512,64,3915.24
419430,64,2048,64,1280.59
104857,64,512,64,972.18
104857,64,512,64,1001.12
104857,64,512,64,995.697
104857,64,512,64,1000.27
419430,256,512,64,3786.62
419430,64,2048,64,1290.38
104857,64,512,64,1001.91
104857,64,512,64,1002.73
104857,64,512,64,998.257
104857,64,512,64,993.421
419430,256,512,64,3845.82
419430,64,2048,64,1293.25
104857,64,512,64,1012.79
104857,64,512,64,1010.68
104857,64,512,64,1016.83
104857,64,512,64,1016.89
419430,256,512,64,3970.6
419430,64,2048,64,1297.91
104857,64,512,64,1016.13
104857,64,512,64,1014.91
104857,64,512,64,1012.02
104857,64,512,64,1010.33
78643,64,512,64,767.323
78643,64,512,64,773.075
78643,64,512,64,758.744
78643,64,512,64,770.301
314572,256,512,64,3049.39
314572,64,2048,64,1002.82
78643,64,512,64,755.283
78643,64,512,64,758.516
78643,64,512,64,760.12
78643,64,512,64,758.233
78643,64,512,64,758.827
78643,64,512,64,765.028
78643,64,512,64,757.22
78643,64,512,64,761.684
314572,256,512,64,3013.93
314572,64,2048,64,1003.72
78643,64,512,64,764.321
78643,64,512,64,762.469
78643,64,512,64,761.232
78643,64,512,64,759.927
78643,64,512,64,764.628
78643,64,512,64,765.27
78643,64,512,64,761.979
78643,64,512,64,763.014
314572,256,512,64,3010.44
314572,64,2048,64,1002.61
78643,64,512,64,761.998
78643,64,512,64,764.563
78643,64,512,64,762.829
78643,64,512,64,759.752
78643,64,512,64,759.918
78643,64,512,64,758.589
78643,64,512,64,767.96
78643,64,512,64,769.312
314572,256,512,64,3086.8
314572,64,2048,64,1012.58
78643,64,512,64,766.155
78643,64,512,64,776.318
78643,64,512,64,767.416
78643,64,512,64,774.617
78643,64,512,64,774.197
78643,64,512,64,773.236
78643,64,512,64,772.258
78643,64,512,64,776.567
314572,256,512,64,3051.87
314572,64,2048,64,1009.32
78643,64,512,64,776.864
78643,64,512,64,775.877
78643,64,512,64,768.579
78643,64,512,64,768.945
78643,64,512,64,775.275
78643,64,512,64,776.155
78643,64,512,64,776.127
78643,64,512,64,775.486
314572,256,512,64,3058.59
314572,64,2048,64,1012.06
78643,64,512,64,771.198
78643,64,512,64,769.105
78643,64,512,64,770.414
78643,64,512,64,773.255
314572,256,512,64,2783.51
314572,64,2048,64,997.608
78643,64,512,64,744.919
78643,64,512,64,764.191
78643,64,512,64,758.561
78643,64,512,64,756.937
314572,256,512,64,3017.87
314572,64,2048,64,1004.66
78643,64,512,64,759.367
78643,64,512,64,761.619
78643,64,512,64,756
78643,64,512,64,755.973
314572,256,512,64,3032.34
314572,64,2048,64,1007.51
78643,64,512,64,763.644
78643,64,512,64,759.028
78643,64,512,64,756.883
78643,64,512,64,757.794
314572,256,512,64,3028.77
314572,64,2048,64,1005.71
78643,64,512,64,757.968
78643,64,512,64,757.129
78643,64,512,64,758.525
78643,64,512,64,758.242
314572,256,512,64,3008.81
314572,64,2048,64,1004.51
78643,64,512,64,759.358
78643,64,512,64,758.498
78643,64,512,64,757.11
78643,64,512,64,759.973
314572,256,512,64,2999.21
314572,64,2048,64,1006.96
78643,64,512,64,757.849
78643,64,512,64,752.816
78643,64,512,64,755.846
78643,64,512,64,754.622
52428,64,512,64,534.727
52428,64,512,64,534.672
52428,64,512,64,529.863
52428,64,512,64,541.618
209715,256,512,64,2002.77
209715,64,2048,64,735.352
52428,64,512,64,534.673
52428,64,512,64,539.702
52428,64,512,64,538.171
52428,64,512,64,535.328
52428,64,512,64,536.17
52428,64,512,64,533.055
52428,64,512,64,536.773
52428,64,512,64,538.662
209715,256,512,64,2027.97
209715,64,2048,64,746.423
52428,64,512,64,537.992
52428,64,512,64,536.533
52428,64,512,64,532.548
52428,64,512,64,539.396
52428,64,512,64,536.959
52428,64,512,64,470.253
52428,64,512,64,491.721
52428,64,512,64,507.243
209715,256,512,64,1986.59
209715,64,2048,64,748.808
52428,64,512,64,538.22
52428,64,512,64,536.499
52428,64,512,64,537.578
52428,64,512,64,540.035
52428,64,512,64,533.238
52428,64,512,64,534.877
52428,64,512,64,535.827
52428,64,512,64,536.245
209715,256,512,64,2025.5
209715,64,2048,64,737.152
52428,64,512,64,540.028
52428,64,512,64,535.601
52428,64,512,64,536.684
52428,64,512,64,538.047
52428,64,512,64,531.434
52428,64,512,64,535.464
52428,64,512,64,539.875
52428,64,512,64,533.53
209715,256,512,64,2042.86
209715,64,2048,64,747.47
52428,64,512,64,538.496
52428,64,512,64,531.178
52428,64,512,64,536.526
52428,64,512,64,543.577
52428,64,512,64,534.005
52428,64,512,64,550.837
52428,64,512,64,547.037
52428,64,512,64,539.071
209715,256,512,64,2047.27
209715,64,2048,64,748.317
52428,64,512,64,550.172
52428,64,512,64,545.153
52428,64,512,64,543.704
52428,64,512,64,549.315
209716,256,512,64,2086.49
209715,64,2048,64,741.711
52428,64,512,64,552.739
52428,64,512,64,546.88
52428,64,512,64,550.266
52428,64,512,64,551.286
209715,256,512,64,2081.15
209715,64,2048,64,751.623
52428,64,512,64,547.301
52428,64,512,64,542.347
52428,64,512,64,545.032
52428,64,512,64,545.103
209715,256,512,64,2092.73
209715,64,2048,64,755.593
52428,64,512,64,546.317
52428,64,512,64,546.331
52428,64,512,64,543.077
52428,64,512,64,546.937
209715,256,512,64,2069.72
209715,64,2048,64,708.122
52428,64,512,64,488.651
52428,64,512,64,494.323
52428,64,512,64,509.399
52428,64,512,64,530.178
209715,256,512,64,1987.11
209715,64,2048,64,736.262
52428,64,512,64,537.668
52429,64,512,64,535.734
52428,64,512,64,532.19
52428,64,512,64,538.434
209715,256,512,64,2008.52
209715,64,2048,64,734.779
52428,64,512,64,538.393
52428,64,512,64,538.337
52428,64,512,64,533.232
52428,64,512,64,536.259
26214,64,512,64,344.57
26214,64,512,64,343.915
26214,64,512,64,346.043
26214,64,512,64,340.625
104857,256,512,64,1287.42
104857,64,2048,64,518.408
26214,64,512,64,342.936
26214,64,512,64,345.951
26214,64,512,64,347.557
26214,64,512,64,335.432
26214,64,512,64,341.98
26214,64,512,64,338.825
26214,64,512,64,339.22
26214,64,512,64,346.741
104857,256,512,64,1292.58
104857,64,2048,64,511.7
26214,64,512,64,341.029
26214,64,512,64,341.534
26214,64,512,64,331.194
26214,64,512,64,339.604
26214,64,512,64,343.453
26214,64,512,64,343.537
26214,64,512,64,338.273
26214,64,512,64,344.763
104857,256,512,64,1265.51
104857,64,2048,64,506.543
26214,64,512,64,341.223
26214,64,512,64,343.284
26214,64,512,64,343.245
26214,64,512,64,345.82
26214,64,512,64,347.114
26214,64,512,64,347.638
26214,64,512,64,342.628
26214,64,512,64,347.689
104857,256,512,64,1306.18
104857,64,2048,64,513.059
26214,64,512,64,339.879
26214,64,512,64,347.805
26214,64,512,64,340.663
26214,64,512,64,345.342
26214,64,512,64,346.203
26214,64,512,64,343.144
26214,64,512,64,343.667
26214,64,512,64,341.29
104857,256,512,64,1301.5
104857,64,2048,64,508.305
26214,64,512,64,342.936
26214,64,512,64,343.054
26214,64,512,64,343.824
26214,64,512,64,349.044
26214,64,512,64,340.874
26214,64,512,64,338.776
26214,64,512,64,345.638
26214,64,512,64,342.326
104857,256,512,64,1298.36
104857,64,2048,64,514.904
26214,64,512,64,335.701
26214,64,512,64,345.649
26214,64,512,64,345.205
26214,64,512,64,332.771
104857,256,512,64,1293.12
104857,64,2048,64,497.33
26214,64,512,64,345.797
26214,64,512,64,345.872
26214,64,512,64,340.045
26214,64,512,64,343.808
104857,256,512,64,1309.81
104857,64,2048,64,508.592
26214,64,512,64,342.578
26214,64,512,64,339.071
26214,64,512,64,340.453
26214,64,512,64,343.627
104857,256,512,64,1291.24
104857,64,2048,64,498.648
26214,64,512,64,341.057
26214,64,512,64,344.882
26214,64,512,64,341.301
26214,64,512,64,340.641
104857,256,512,64,1293.83
104857,64,2048,64,513.445
26214,64,512,64,344.581
26214,64,512,64,346.483
26214,64,512,64,344.135
26214,64,512,64,341.318
104857,256,512,64,1293.27
104857,64,2048,64,514.645
26214,64,512,64,340.962
26214,64,512,64,347.022
26214,64,512,64,345.007
26214,64,512,64,341.729
104857,256,512,64,1288.03
104857,64,2048,64,513.508
26214,64,512,64,339.329
26214,64,512,64,345.889
26214,64,512,64,340.863
26214,64,512,64,344.508
13107,64,512,64,214.759
13107,64,512,64,217.287
13107,64,512,64,207.467
13107,64,512,64,217.489
52428,256,512,64,790.83
52428,64,2048,64,381.652
13107,64,512,64,218.032
13107,64,512,64,207.5
13107,64,512,64,213.861
13107,64,512,64,218.486
13107,64,512,64,171.049
13107,64,512,64,172.537
13107,64,512,64,175.697
13107,64,512,64,172.475
52428,256,512,64,713.101
52428,64,2048,64,377.384
13107,64,512,64,204.689
13107,64,512,64,202.429
13107,64,512,64,200.97
13107,64,512,64,200.686
13107,64,512,64,200.536
13107,64,512,64,209.771
13107,64,512,64,202.879
13107,64,512,64,206.479
52428,256,512,64,802.819
52428,64,2048,64,379.083
13107,64,512,64,205.766
13107,64,512,64,219.355
13107,64,512,64,207.07
13107,64,512,64,217.95
13107,64,512,64,210.779
13107,64,512,64,210.821
13107,64,512,64,204.817
13107,64,512,64,218.774
52428,256,512,64,803.219
52428,64,2048,64,380.887
13107,64,512,64,210.259
13107,64,512,64,216.434
13107,64,512,64,207.111
13107,64,512,64,209.269
13107,64,512,64,204.279
13107,64,512,64,205.182
13107,64,512,64,213.94
13107,64,512,64,210.974
52428,256,512,64,802.082
52428,64,2048,64,378.354
13107,64,512,64,216.113
13107,64,512,64,214.574
13107,64,512,64,213.408
13107,64,512,64,218.842
13107,64,512,64,212.212
13107,64,512,64,207.303
13107,64,512,64,213.361
13107,64,512,64,210.166
52428,256,512,64,803.388
52428,64,2048,64,382.091
13107,64,512,64,211.736
13107,64,512,64,207.546
13107,64,512,64,212.552
13107,64,512,64,210.914
52428,256,512,64,799.346
52428,64,2048,64,394.133
13107,64,512,64,219.258
13107,64,512,64,218.291
13107,64,512,64,217.955
13107,64,512,64,202.351
52428,256,512,64,767.376
52428,64,2048,64,375.627
13107,64,512,64,208.432
13107,64,512,64,199.585
13107,64,512,64,200.306
13107,64,512,64,200.016
52428,256,512,64,797.264
52428,64,2048,64,380.838
13107,64,512,64,203.755
13107,64,512,64,206.219
13107,64,512,64,209.998
13107,64,512,64,215.39
52428,256,512,64,801.285
52428,64,2048,64,384.018
13107,64,512,64,208.321
13107,64,512,64,219.474
13107,64,512,64,213.648
13107,64,512,64,216.806
52428,256,512,64,805.378
52428,64,2048,64,388.468
13107,64,512,64,210.255
13107,64,512,64,211.642
13107,64,512,64,203.786
13107,64,512,64,214.847
52428,256,512,64,825.282
52428,64,2048,64,390.09
13107,64,512,64,210.002
13107,64,512,64,211.993
13107,64,512,64,209.649
13107,64,512,64,201.914
5242,64,512,64,116.231
5242,64,512,64,115.332
5242,64,512,64,117.215
5242,64,512,64,114.514
20971,256,512,64,442.66
20971,64,2048,64,262.803
5242,64,512,64,107.879
5242,64,512,64,116.95
5242,64,512,64,112.489
5242,64,512,64,117.553
5242,64,512,64,112.568
5242,64,512,64,115.702
5242,64,512,64,108.269
5242,64,512,64,115.155
20971,256,512,64,430.948
20971,64,2048,64,259.51
5242,64,512,64,115.558
5242,64,512,64,111.033
5242,64,512,64,122.109
5242,64,512,64,120.405
5242,64,512,64,118.02
5242,64,512,64,119.906
5242,64,512,64,117.022
5242,64,512,64,120.381
20971,256,512,64,468.757
20971,64,2048,64,265.696
5242,64,512,64,117.917
5242,64,512,64,121.928
5242,64,512,64,120.989
5242,64,512,64,120.864
5242,64,512,64,120.367
5242,64,512,64,113.011
5242,64,512,64,120.93
5242,64,512,64,120.993
20971,256,512,64,448.733
20971,64,2048,64,269.019
5242,64,512,64,114.947
5242,64,512,64,122.398
5242,64,512,64,122.334
5242,64,512,64,114.47
5242,64,512,64,121.129
5242,64,512,64,122.205
5242,64,512,64,120.026
5242,64,512,64,120.763
20971,256,512,64,447.775
20971,64,2048,64,270.276
5242,64,512,64,119.609
5242,64,512,64,106.585
5242,64,512,64,105.375
5242,64,512,64,108.645
5242,64,512,64,108.648
5242,64,512,64,109.399
5242,64,512,64,109.348
5242,64,512,64,105.797
20971,256,512,64,422.387
20971,64,2048,64,262.7
5242,64,512,64,112.64
5242,64,512,64,113.436
5242,64,512,64,109.183
5242,64,512,64,115.833
20971,256,512,64,425.278
20971,64,2048,64,260.291
5242,64,512,64,118.013
5242,64,512,64,113.445
5242,64,512,64,108.862
5242,64,512,64,111.982
20971,256,512,64,423.774
20971,64,2048,64,259.101
5242,64,512,64,109.961
5242,64,512,64,117.795
5242,64,512,64,116.382
5242,64,512,64,111.958
20971,256,512,64,433.162
20971,64,2048,64,257.396
5242,64,512,64,117.048
5242,64,512,64,109.171
5242,64,512,64,115.839
5242,64,512,64,111.118
20971,256,512,64,434.002
20971,64,2048,64,264.327
5242,64,512,64,113.178
5242,64,512,64,115.769
5242,64,512,64,111.841
5242,64,512,64,116.996
20971,256,512,64,434.373
20971,64,2048,64,263.89
5242,64,512,64,116.713
5242,64,512,64,116.742
5242,64,512,64,107.234
5242,64,512,64,107.155
20971,256,512,64,435.218
20971,64,2048,64,258.312
5242,64,512,64,116.063
5242,64,512,64,114.485
5242,64,512,64,117.468
5242,64,512,64,108.854
144656,64,512,64,1375.69
145219,64,512,64,1385.43
143086,64,512,64,1339.86
134140,64,512,64,1275.38
617373,256,512,64,5442.34
511909,64,2048,64,1566.14
152784,64,512,64,1449.25
177501,64,512,64,1671.76
138819,64,512,64,1307.99
175788,64,512,64,1648.25
148318,64,512,64,1388.74
146820,64,512,64,1404.91
139898,64,512,64,1338.59
135158,64,512,64,1272.64
605239,256,512,64,5392.78
498916,64,2048,64,1523.2
135302,64,512,64,1278.56
167130,64,512,64,1575.6
127129,64,512,64,1209.9
160282,64,512,64,1524.15
137228,64,512,64,1310.11
141001,64,512,64,1327.36
127709,64,512,64,1217.97
127997,64,512,64,1222.16
614701,256,512,64,5490.48
495116,64,2048,64,1517.19
141404,64,512,64,1334.03
162547,64,512,64,1526.49
133241,64,512,64,1270.94
157924,64,512,64,1485.75
140148,64,512,64,1323.02
155781,64,512,64,1464.43
131610,64,512,64,1254.97
141524,64,512,64,1337.1
622718,256,512,64,5456.33
500156,64,2048,64,1528.85
145809,64,512,64,1386.39
161899,64,512,64,1513.21
134961,64,512,64,1287.35
157923,64,512,64,1504.49
144846,64,512,64,1377.63
169827,64,512,64,1593.83
137419,64,512,64,1309.2
157723,64,512,64,1532.09
638805,256,512,64,5694.52
520728,64,2048,64,1607.25
138115,64,512,64,1330.25
151839,64,512,64,1473.06
128572,64,512,64,1237.47
149774,64,512,64,1434.43
147527,64,512,64,1430.03
166724,64,512,64,1595.2
145068,64,512,64,1404.2
157919,64,512,64,1528.94
662743,256,512,64,5912.99
529525,64,2048,64,1634.37
123866,64,512,64,1198.45
147677,64,512,64,1428.64
110753,64,512,64,1071.27
145625,64,512,64,1400.9
485342,256,512,64,4450.48
372276,64,2048,64,1173.6
137762,64,512,64,1335.35
152588,64,512,64,1469.42
124825,64,512,64,1213.11
152847,64,512,64,1479.68
472169,256,512,64,4404.4
364688,64,2048,64,1112.76
105892,64,512,64,888.755
152424,64,512,64,1230.58
96613,64,512,64,823.823
141359,64,512,64,1233.5
498329,256,512,64,4522.29
374306,64,2048,64,1218.44
111037,64,512,64,1056.44
141993,64,512,64,1350.35
105115,64,512,64,1001.08
131116,64,512,64,1244.22
521358,256,512,64,4789.47
382228,64,2048,64,1219.98
112897,64,512,64,1070.53
135583,64,512,64,1287.3
105657,64,512,64,1008.01
124591,64,512,64,1175.43
524195,256,512,64,4733.56
379576,64,2048,64,1203.12
123414,64,512,64,1178.06
142424,64,512,64,1344.18
114404,64,512,64,1088.64
133618,64,512,64,1258.66
518126,256,512,64,4666.59
360766,64,2048,64,1143.57
127963,64,512,64,1204.71
137811,64,512,64,1303.16
119801,64,512,64,1132.96
131226,64,512,64,1242.74
110054,64,512,64,1043.37
100849,64,512,64,978.142
69340,64,512,64,674.891
69926,64,512,64,687.926
520881,256,512,64,4699.92
420270,64,2048,64,1293.88
176573,64,512,64,1668.97
164906,64,512,64,1550.65
119346,64,512,64,1140.1
163179,64,512,64,1528.75
131179,64,512,64,1251.2
106332,64,512,64,1008.37
80702,64,512,64,781.465
75910,64,512,64,726.567
434108,256,512,64,4038.3
364167,64,2048,64,1140.79
115824,64,512,64,1099.68
118372,64,512,64,1123.46
73184,64,512,64,698.029
95756,64,512,64,919.15
132447,64,512,64,1248.89
106685,64,512,64,1013.44
85843,64,512,64,821.071
78662,64,512,64,765.566
451905,256,512,64,4122.09
377715,64,2048,64,1170.99
131164,64,512,64,1235.53
130939,64,512,64,1248.67
81929,64,512,64,784.356
114764,64,512,64,1089.63
133557,64,512,64,1275.2
114906,64,512,64,1094.98
86931,64,512,64,826.173
87415,64,512,64,831.751
480220,256,512,64,4488.77
389027,64,2048,64,1204.09
144587,64,512,64,1366.33
131025,64,512,64,1248.17
92656,64,512,64,881.933
115987,64,512,64,1105.32
144703,64,512,64,1383.23
128707,64,512,64,1228.93
97146,64,512,64,922.158
100981,64,512,64,961.025
519534,256,512,64,4634.4
435213,64,2048,64,1340.65
151362,64,512,64,1437.84
131393,64,512,64,1246.18
95590,64,512,64,898.275
119793,64,512,64,1133.99
145197,64,512,64,1388.2
145080,64,512,64,1369.97
101998,64,512,64,968.86
112628,64,512,64,1060.69
562881,256,512,64,5181.33
463789,64,2048,64,1423.78
130724,64,512,64,1238.28
106538,64,512,64,1010.99
68242,64,512,64,662.053
94758,64,512,64,900.773
464225,256,512,64,4279.5
348379,64,2048,64,1152.39
157973,64,512,64,1506.33
128921,64,512,64,1217.25
96673,64,512,64,922.991
122165,64,512,64,1164.67
225571,256,512,64,2212.67
205326,64,2048,64,867.667
65235,64,512,64,639.715
83880,64,512,64,837.637
37002,64,512,64,406.615
58084,64,512,64,576.473
281342,256,512,64,2699.79
253598,64,2048,64,933.853
84469,64,512,64,810.944
98998,64,512,64,953.232
45258,64,512,64,463.964
74105,64,512,64,709.478
291371,256,512,64,2769.39
256402,64,2048,64,945.711
109587,64,512,64,1045.74
99608,64,512,64,962.384
60842,64,512,64,597.449
76770,64,512,64,746.136
301623,256,512,64,2906.65
236448,64,2048,64,854.579
116101,64,512,64,1106.68
93737,64,512,64,910.465
69341,64,512,64,674.9
72872,64,512,64,708.613
266304,256,512,64,2510.94
179846,64,2048,64,742.792
118976,64,512,64,1134.05
87654,64,512,64,847.287
69802,64,512,64,685.989
68146,64,512,64,664.847
69048,64,512,64,670.092
70699,64,512,64,707.14
55824,64,512,64,551.062
51977,64,512,64,512.461
440834,256,512,64,4091.36
349724,64,2048,64,1102.4
142988,64,512,64,1350.87
140146,64,512,64,1334.9
102718,64,512,64,985.658
144324,64,512,64,1378.06
90907,64,512,64,877.353
79001,64,512,64,769.202
71333,64,512,64,693.774
59864,64,512,64,585.045
350127,256,512,64,3369.11
278118,64,2048,64,927.671
77453,64,512,64,763.987
97490,64,512,64,942.968
58782,64,512,64,586.756
79224,64,512,64,775.175
72798,64,512,64,388.378
80140,64,512,64,788.216
60387,64,512,64,602.259
59524,64,512,64,597.885
377531,256,512,64,3563.75
301616,64,2048,64,987.332
85602,64,512,64,829.165
106244,64,512,64,1023.66
64319,64,512,64,625.078
92139,64,512,64,880.438
80374,64,512,64,774.241
91729,64,512,64,877.935
68532,64,512,64,665.706
70060,64,512,64,681.235
413100,256,512,64,3870.19
326865,64,2048,64,1044.25
100219,64,512,64,953.682
112406,64,512,64,1072.11
76218,64,512,64,742.847
99957,64,512,64,946.819
89251,64,512,64,861.454
113306,64,512,64,1082.16
75834,64,512,64,730.683
88878,64,512,64,860.012
454699,256,512,64,4213.49
370593,64,2048,64,1159.05
99341,64,512,64,833.667
113026,64,512,64,1082.9
75788,64,512,64,738.287
103039,64,512,64,979.143
95971,64,512,64,919.052
126777,64,512,64,1207.26
84980,64,512,64,819.143
99415,64,512,64,945.064
483495,256,512,64,4428.67
392291,64,2048,64,1211.66
78700,64,512,64,753.182
89338,64,512,64,858.193
60344,64,512,64,585.444
81600,64,512,64,784.954
377485,256,512,64,3477.76
263284,64,2048,64,916.597
125652,64,512,64,1198.57
98723,64,512,64,942.046
91651,64,512,64,880.698
101724,64,512,64,968.108
139876,256,512,64,1471.76
104165,64,2048,64,592.234
40729,64,512,64,430.323
59136,64,512,64,610.404
32292,64,512,64,366.746
38547,64,512,64,378.78
194581,256,512,64,2013.62
150283,64,2048,64,686.537
42786,64,512,64,457.739
66156,64,512,64,649.766
33491,64,512,64,385.164
47033,64,512,64,462.019
247017,256,512,64,2487.46
179358,64,2048,64,706.079
55210,64,512,64,547.46
68722,64,512,64,674.034
40973,64,512,64,436.283
52095,64,512,64,506.397
248270,256,512,64,2382.86
172574,64,2048,64,667.964
71451,64,512,64,681.54
73260,64,512,64,708.896
54975,64,512,64,542.347
59423,64,512,64,570.634
222621,256,512,64,2150.51
136351,64,2048,64,583.389
74612,64,512,64,718.295
68003,64,512,64,660.463
58713,64,512,64,568.559
55485,64,512,64,552.178
55839,64,512,64,548.773
47152,64,512,64,601.18
40749,64,512,64,399.838
31688,64,512,64,311.824
246942,256,512,64,2339.29
187181,64,2048,64,709.765
108105,64,512,64,1032.92
107497,64,512,64,1022.78
65349,64,512,64,631.299
112066,64,512,64,1058.76
53552,64,512,64,527.067
46022,64,512,64,526.417
38979,64,512,64,389.687
28332,64,512,64,278.772
181465,256,512,64,1869.88
138731,64,2048,64,627.816
44787,64,512,64,444.983
56702,64,512,64,598.083
30654,64,512,64,330.141
40235,64,512,64,401.091
49209,64,512,64,493.756
55295,64,512,64,565.504
37240,64,512,64,418.474
33400,64,512,64,368.709
209478,256,512,64,2039.41
170877,64,2048,64,695.321
59402,64,512,64,587.288
78627,64,512,64,761.419
40400,64,512,64,444.677
58892,64,512,64,574.465
51857,64,512,64,526.053
60576,64,512,64,598.074
42887,64,512,64,443.58
40323,64,512,64,422.175
249613,256,512,64,2372.58
196462,64,2048,64,742.708
65126,64,512,64,635.577
73887,64,512,64,716.87
44367,64,512,64,443.271
60688,64,512,64,599.476
60021,64,512,64,591.806
83964,64,512,64,809.535
47934,64,512,64,496.97
56646,64,512,64,560.81
302452,256,512,64,2895.18
246814,64,2048,64,844.141
65341,64,512,64,637.815
81599,64,512,64,800.303
45839,64,512,64,448.292
66444,64,512,64,629.815
63673,64,512,64,600.101
94580,64,512,64,877.11
54191,64,512,64,516.51
65642,64,512,64,623.928
343356,256,512,64,3181.87
257197,64,2048,64,835.571
41783,64,512,64,441.273
52641,64,512,64,529.614
29547,64,512,64,355.822
42360,64,512,64,442.888
216719,256,512,64,2115.96
149618,64,2048,64,676.622
81604,64,512,64,774.773
64242,64,512,64,652.344
43030,64,512,64,416.725
61783,64,512,64,596.829
48481,256,512,64,611.189
38360,64,2048,64,402.978
18164,64,512,64,201.797
29508,64,512,64,439.402
13422,64,512,64,167.43
18682,64,512,64,196.974
101911,256,512,64,1183.67
82333,64,2048,64,554.147
19741,64,512,64,233.431
38241,64,512,64,511.492
15129,64,512,64,193.503
25640,64,512,64,258.986
114133,256,512,64,1244.53
85304,64,2048,64,519.87
36347,64,512,64,405.037
44755,64,512,64,492.32
25265,64,512,64,314.383
30012,64,512,64,320.637
115983,256,512,64,1260.07
83975,64,2048,64,514.794
48912,64,512,64,490.869
44247,64,512,64,489.485
33185,64,512,64,373.416
27808,64,512,64,305.218
83494,256,512,64,956.842
48292,64,2048,64,374.553
42541,64,512,64,405.384
43863,64,512,64,460.154
30263,64,512,64,318.6
31688,64,512,64,317.185
34247,64,512,64,334.076
19404,64,512,64,344.967
16396,64,512,64,163.207
11969,64,512,64,121.323
104673,256,512,64,1169.89
81975,64,2048,64,479.551
97078,64,512,64,912.568
69893,64,512,64,721.811
25760,64,512,64,277.03
69617,64,512,64,674.632
48869,64,512,64,469.99
21820,64,512,64,335.777
15338,64,512,64,169.588
10662,64,512,64,123.269
41663,256,512,64,534.544
36012,64,2048,64,387.127
42364,64,512,64,429.906
32657,64,512,64,398.19
13187,64,512,64,199.872
17178,64,512,64,216.059
50871,64,512,64,505.569
27364,64,512,64,373.099
15168,64,512,64,220.186
13381,64,512,64,184.074
52212,256,512,64,673.042
48390,64,2048,64,462.006
55223,64,512,64,537.469
42626,64,512,64,461.133
15872,64,512,64,236.547
24727,64,512,64,310.431
54011,64,512,64,534.24
38147,64,512,64,436.302
17464,64,512,64,226.684
16461,64,512,64,223.576
72869,256,512,64,917.877
71587,64,2048,64,519.826
66349,64,512,64,648.058
49036,64,512,64,503.65
18628,64,512,64,254.104
30148,64,512,64,334.147
63533,64,512,64,613.156
47347,64,512,64,503.33
19514,64,512,64,257.802
23243,64,512,64,312.291
100398,256,512,64,1165.52
85572,64,2048,64,493.406
58607,64,512,64,573.938
37223,64,512,64,430.616
14595,64,512,64,225.037
23119,64,512,64,283.943
70285,64,512,64,680.907
56422,64,512,64,574.526
21842,64,512,64,283.75
27155,64,512,64,355.479
130289,256,512,64,1458.74
90678,64,2048,64,419.682
48564,64,512,64,470.661
26377,64,512,64,352.158
9201,64,512,64,157.265
16237,64,512,64,232.298
58872,256,512,64,686.754
55804,64,2048,64,430.708
69433,64,512,64,669.612
57004,64,512,64,627.711
12532,64,512,64,168.625
53312,64,512,64,521.274
19051,256,512,64,261.614
20119,64,2048,64,316.219
10834,64,512,64,128.477
21594,64,512,64,370.172
3649,64,512,64,68.6031
14972,64,512,64,161.796
19537,256,512,64,302.443
20744,64,2048,64,325.793
32975,64,512,64,329.503
19159,64,512,64,354.067
8520,64,512,64,130.723
9463,64,512,64,109.51
21054,256,512,64,328.008
21606,64,2048,64,333.08
19284,64,512,64,210.521
16852,64,512,64,285.415
5429,64,512,64,93.7751
8863,64,512,64,123.044
20900,256,512,64,323.374
18007,64,2048,64,284.376
29744,64,512,64,321.209
15941,64,512,64,253.53
7369,64,512,64,126.235
9554,64,512,64,126.747
16100,256,512,64,262.547
9871,64,2048,64,171.737
32053,64,512,64,318.594
18132,64,512,64,279.062
7471,64,512,64,121.777
12811,64,512,64,155.792
17538,64,512,64,172.771
9689,64,512,64,200.176
9630,64,512,64,98.249
5732,64,512,64,69.1739
49727,256,512,64,666.148
41575,64,2048,64,341.871
60339,64,512,64,582.493
33846,64,512,64,450.088
10762,64,512,64,134.135
34845,64,512,64,343.224
27165,64,512,64,266.033
12022,64,512,64,218.567
7018,64,512,64,99.0964
4981,64,512,64,70.6401
18329,256,512,64,286.123
18724,64,2048,64,274.652
20384,64,512,64,238.856
20795,64,512,64,278.376
5704,64,512,64,102.436
9461,64,512,64,141.13
21954,64,512,64,272.573
12498,64,512,64,214.002
5460,64,512,64,100.374
4860,64,512,64,88.1512
19355,256,512,64,323.967
20125,64,2048,64,275.214
29397,64,512,64,324.681
26491,64,512,64,309.891
6978,64,512,64,120.378
12252,64,512,64,190.6
23425,64,512,64,281.331
20550,64,512,64,307.095
6200,64,512,64,111.86
7340,64,512,64,115.988
25190,256,512,64,383.878
29575,64,2048,64,334.952
33448,64,512,64,370.795
35320,64,512,64,387.919
8490,64,512,64,141.724
16466,64,512,64,219.298
25495,64,512,64,324.788
36244,64,512,64,407.694
7017,64,512,64,133.321
11888,64,512,64,189.254
33082,256,512,64,475.052
44738,64,2048,64,426.751
25079,64,512,64,306.533
31458,64,512,64,390.619
6391,64,512,64,121.887
14370,64,512,64,201.138
44130,64,512,64,461.177
37424,64,512,64,422.268
10100,64,512,64,159.331
15476,64,512,64,239.498
42127,256,512,64,572.282
29857,64,2048,64,256.845
18768,64,512,64,246.822
14559,64,512,64,226.697
3701,64,512,64,75.9647
9011,64,512,64,145.248
26707,256,512,64,406.191
26895,64,2048,64,310.624
46041,64,512,64,459.468
39819,64,512,64,456.83
5371,64,512,64,88.5099
35052,64,512,64,353.685
3789,256,512,64,79.7558
3298,64,2048,64,82.8852
10357,64,512,64,131.282
5954,64,512,64,135.909
2109,64,512,64,45.5446
2920,64,512,64,46.6986
3678,256,512,64,71.3222
3035,64,2048,64,76.8161
3920,64,512,64,64.8872
6539,64,512,64,144.178
1294,64,512,64,29.9745
3906,64,512,64,58.4896
6591,256,512,64,132.746
6228,64,2048,64,126.521
10973,64,512,64,144.751
10235,64,512,64,192.496
2888,64,512,64,59.9092
6614,64,512,64,85.7806
5856,256,512,64,114.88
5056,64,2048,64,109.21
21060,64,512,64,236.072
9576,64,512,64,169.798
4067,64,512,64,76.7304
4228,64,512,64,72.0426
4933,256,512,64,91.4131
2797,64,2048,64,59.1363
16062,64,512,64,194.414
8583,64,512,64,149.14
3442,64,512,64,68.7454
6578,64,512,64,96.7035
0,64,512,64,0
929,64,512,64,24.948
0,64,512,64,0
246,64,512,64,5.92468
14047,256,512,64,237.456
20596,64,2048,64,276.021
22905,64,512,64,246.502
27236,64,512,64,353.004
5473,64,512,64,68.4382
25435,64,512,64,257.394
0,64,512,64,0
77,64,512,64,2.16688
0,64,512,64,0
19,64,512,64,0.526226
1932,256,512,64,39.6125
1833,64,2048,64,45.4487
8299,64,512,64,127.63
20258,64,512,64,302.206
4656,64,512,64,82.6777
6968,64,512,64,112.945
39,64,512,64,1.10599
6,64,512,64,0.181901
8,64,512,64,0.241574
20,64,512,64,0.606452
1005,256,512,64,23.8018
960,64,2048,64,27.1638
15889,64,512,64,196.835
26465,64,512,64,354.587
4629,64,512,64,94.8298
9380,64,512,64,148.577
2992,64,512,64,47.0932
1844,64,512,64,53.0019
640,64,512,64,16.0608
401,64,512,64,10.3012
1423,256,512,64,33.1509
1698,64,2048,64,48.5821
13471,64,512,64,176.193
25799,64,512,64,339.696
5084,64,512,64,99.9803
10880,64,512,64,158.943
10658,64,512,64,120.521
7785,64,512,64,163.778
5360,64,512,64,71.6447
2762,64,512,64,42.4451
1185,256,512,64,24.58
1198,64,2048,64,34.87
4459,64,512,64,65.3754
4413,64,512,64,101.317
1897,64,512,64,39.1184
1883,64,512,64,39.8424
30410,64,512,64,327.915
23696,64,512,64,364.498
14210,64,512,64,201.076
7168,64,512,64,115.702
1373,256,512,64,27.5523
1671,64,2048,64,48.6889
5531,64,512,64,78.7038
2353,64,512,64,60.1195
2904,64,512,64,52.4507
743,64,512,64,19.3963
0,256,512,64,0
0,64,2048,64,0
9554,64,512,64,133.222
19357,64,512,64,285.134
5442,64,512,64,88.6753
13274,64,512,64,146.107
0,256,512,64,0
0,64,2048,64,0
1670,64,512,64,33.4033
1644,64,512,64,47.3129
1203,64,512,64,24.1791
301,64,512,64,7.93621
159,256,512,64,3.62931
274,64,2048,64,7.91737
87,64,512,64,2.49034
193,64,512,64,5.77219
15,64,512,64,0.452183
19,64,512,64,0.58173
0,256,512,64,0
0,64,2048,64,0
0,64,512,64,0
0,64,512,64,0
0,64,512,64,0
0,64,512,64,0
0,256,512,64,0
0,64,2048,64,0
0,64,512,64,0
0,64,512,64,0
0,64,512,64,0
0,64,512,64,0
0,256,512,64,0
0,64,2048,64,0
0,64,512,64,0
0,64,512,64,0
0,64,512,64,0
0,64,512,64,0
128761,64,512,4096,23977.2
132877,64,512,4096,25049
142349,64,512,4096,27150.1
122501,64,512,4096,23407.4
657561,256,512,4096,37391.5
587093,64,2048,4096,30323.9
158760,64,512,4096,29901.4
161312,64,512,4096,30382.8
154701,64,512,4096,29273.4
163812,64,512,4096,30781.8
138452,64,512,4096,26350.3
140197,64,512,4096,26291.5
139415,64,512,4096,26477.3
130440,64,512,4096,24765.3
615379,256,512,4096,35058.7
552458,64,2048,4096,28492.6
122396,64,512,4096,23130.2
163814,64,512,4096,30744.8
119017,64,512,4096,22399.7
156550,64,512,4096,29309.9
130692,64,512,4096,24804.1
144385,64,512,4096,27113.9
131820,64,512,4096,24766.5
133155,64,512,4096,25143.5
629035,256,512,4096,35784.7
550086,64,2048,4096,28632.4
129969,64,512,4096,24768.5
164324,64,512,4096,30852.5
131426,64,512,4096,24780.9
157607,64,512,4096,29686.2
132401,64,512,4096,25158.9
158040,64,512,4096,29725.7
136023,64,512,4096,25724.7
146596,64,512,4096,27684.7
640824,256,512,4096,36522.8
560424,64,2048,4096,29272.4
133334,64,512,4096,24879.8
165516,64,512,4096,30616.5
134172,64,512,4096,24971.7
161231,64,512,4096,29925.8
128782,64,512,4096,24037.1
171580,64,512,4096,31823.9
135490,64,512,4096,25205.9
157572,64,512,4096,29190.6
655737,256,512,4096,37274.3
588044,64,2048,4096,30504.4
125661,64,512,4096,23856.8
154825,64,512,4096,29105
127452,64,512,4096,24150.1
153730,64,512,4096,28967.1
129316,64,512,4096,24711.2
176891,64,512,4096,33347.9
141501,64,512,4096,26742.6
161782,64,512,4096,30037.4
673253,256,512,4096,38263.5
611291,64,2048,4096,31661.8
102691,64,512,4096,18980.9
136832,64,512,4096,25453.2
105460,64,512,4096,19591.8
134494,64,512,4096,25016.2
546132,256,512,4096,31234.8
478771,64,2048,4096,24534
126309,64,512,4096,24118
127433,64,512,4096,24253.3
124950,64,512,4096,23881
136926,64,512,4096,26205
512834,256,512,4096,29362.4
430911,64,2048,4096,22270.5
89535,64,512,4096,16921.9
142150,64,512,4096,26785.6
83912,64,512,4096,14554.9
126151,64,512,4096,23977.7
526135,256,512,4096,30031.2
434134,64,2048,4096,22361.5
100634,64,512,4096,18779.3
132334,64,512,4096,25146.9
96583,64,512,4096,16731.7
120956,64,512,4096,23102.3
527460,256,512,4096,30122.4
428269,64,2048,4096,22072.8
103808,64,512,4096,19585
127274,64,512,4096,23694.4
102659,64,512,4096,19130.3
119034,64,512,4096,22342.4
529427,256,512,4096,29994.9
424951,64,2048,4096,21761.2
117377,64,512,4096,21910.4
122898,64,512,4096,22793
114955,64,512,4096,21605.8
118573,64,512,4096,22043.3
504860,256,512,4096,28596.2
400093,64,2048,4096,20672.3
115234,64,512,4096,21340
120376,64,512,4096,22396.2
114692,64,512,4096,21479.2
119087,64,512,4096,22256.2
82388,64,512,4096,14309.2
95040,64,512,4096,17900
95047,64,512,4096,15907.2
81972,64,512,4096,15055.8
559163,256,512,4096,32001.1
479025,64,2048,4096,24654.5
123005,64,512,4096,20519
134139,64,512,4096,24702.8
117970,64,512,4096,20592.4
136606,64,512,4096,25489.4
108827,64,512,4096,20161
113602,64,512,4096,20962.8
110167,64,512,4096,20911.9
103331,64,512,4096,19525
500782,256,512,4096,28583.2
433174,64,2048,4096,22187.3
83660,64,512,4096,14413.9
139159,64,512,4096,25981.4
79680,64,512,4096,13597.1
128804,64,512,4096,24046.9
93269,64,512,4096,17031.7
116477,64,512,4096,21783.6
96336,64,512,4096,17863.2
100708,64,512,4096,19010
513866,256,512,4096,29321.7
431100,64,2048,4096,21974.5
94610,64,512,4096,17898.9
138919,64,512,4096,26173.1
97046,64,512,4096,18355
129913,64,512,4096,24756.4
91737,64,512,4096,17003.6
128003,64,512,4096,24412.2
97528,64,512,4096,18308.5
111611,64,512,4096,20882.4
530735,256,512,4096,30371.5
446252,64,2048,4096,22567
96734,64,512,4096,17958.1
139126,64,512,4096,26059.6
97673,64,512,4096,18154.1
132027,64,512,4096,24649.5
99926,64,512,4096,18530.5
146522,64,512,4096,27166.2
105672,64,512,4096,19965.3
131348,64,512,4096,25212.1
560299,256,512,4096,32132.9
483219,64,2048,4096,24903
99871,64,512,4096,18594.8
139835,64,512,4096,25903
100632,64,512,4096,18582.2
135476,64,512,4096,25152.7
100073,64,512,4096,18605.4
158983,64,512,4096,29421.4
110849,64,512,4096,20832
140232,64,512,4096,26507.5
584554,256,512,4096,33457.2
515851,64,2048,4096,26870.1
72786,64,512,4096,13645.8
111169,64,512,4096,20800.3
75465,64,512,4096,14486.5
108697,64,512,4096,20406.7
418763,256,512,4096,23994.8
331624,64,2048,4096,16494.7
104724,64,512,4096,19409.1
104369,64,512,4096,18480.4
100685,64,512,4096,17725.7
114837,64,512,4096,21735.1
384080,256,512,4096,22170.5
294467,64,2048,4096,14613.4
52376,64,512,4096,10597.2
108226,64,512,4096,20193.4
49216,64,512,4096,9956.54
88225,64,512,4096,15210.3
390912,256,512,4096,22488
292071,64,2048,4096,14722
68275,64,512,4096,12211.2
97898,64,512,4096,18525.5
65237,64,512,4096,11753.3
82951,64,512,4096,14039.8
395711,256,512,4096,22718.5
291221,64,2048,4096,14572.3
71474,64,512,4096,12235
99155,64,512,4096,18471.7
69597,64,512,4096,12076.2
91595,64,512,4096,16035
386282,256,512,4096,22021.9
286061,64,2048,4096,14957.1
74946,64,512,4096,13155.8
93347,64,512,4096,17570.7
73526,64,512,4096,12684.8
87577,64,512,4096,15386.4
372892,256,512,4096,21283.7
268393,64,2048,4096,13885.2
83966,64,512,4096,14590.9
91238,64,512,4096,16980.1
82765,64,512,4096,14537.9
85516,64,512,4096,15358.8
48820,64,512,4096,9998.18
61079,64,512,4096,12877.5
59699,64,512,4096,11593.8
49720,64,512,4096,10053
457008,256,512,4096,26073.3
380232,64,2048,4096,19479.5
100329,64,512,4096,16681.2
112503,64,512,4096,20891.5
94479,64,512,4096,15610.9
114846,64,512,4096,21343
82527,64,512,4096,14082.7
86541,64,512,4096,16401.9
84021,64,512,4096,14731.6
74658,64,512,4096,13577.8
371268,256,512,4096,21367.9
296938,64,2048,4096,15980.2
59207,64,512,4096,11058.7
110975,64,512,4096,20944.9
55989,64,512,4096,10693.3
99131,64,512,4096,17535.9
59373,64,512,4096,11332.3
88269,64,512,4096,16781
64712,64,512,4096,11752.9
69763,64,512,4096,12081.9
383955,256,512,4096,22010.9
302682,64,2048,4096,16374.2
75307,64,512,4096,14225.3
120987,64,512,4096,22246.2
74395,64,512,4096,14028.8
110489,64,512,4096,20471.2
69106,64,512,4096,12532.8
107546,64,512,4096,19937.7
74384,64,512,4096,13841.2
86780,64,512,4096,15983.4
406737,256,512,4096,23298.8
316678,64,2048,4096,16690.5
75207,64,512,4096,13099.5
115311,64,512,4096,21255.6
77122,64,512,4096,13365.2
106452,64,512,4096,19764.3
75019,64,512,4096,13213
125521,64,512,4096,23322.2
83525,64,512,4096,14900.7
105434,64,512,4096,19887.1
445126,256,512,4096,25350.4
360576,64,2048,4096,18661.6
66207,64,512,4096,12281
107436,64,512,4096,19592.3
69103,64,512,4096,12827.2
100659,64,512,4096,18680.7
80509,64,512,4096,14617.6
140067,64,512,4096,26142.6
94610,64,512,4096,17611
117697,64,512,4096,21727.1
469702,256,512,4096,26633.8
393501,64,2048,4096,20071.9
53044,64,512,4096,9770.41
91720,64,512,4096,17065
54347,64,512,4096,9879.26
87767,64,512,4096,16048
319674,256,512,4096,18828.6
246891,64,2048,4096,14264.4
64552,64,512,4096,11592.7
73664,64,512,4096,13094.4
61364,64,512,4096,11229.6
83434,64,512,4096,14310.1
237924,256,512,4096,15307.9
152630,64,2048,4096,8998.98
32419,64,512,4096,8023.66
75766,64,512,4096,15197.5
30510,64,512,4096,7482.89
57281,64,512,4096,10522.2
239685,256,512,4096,15173.9
155797,64,2048,4096,9220
43886,64,512,4096,9443.48
73089,64,512,4096,14904.8
39292,64,512,4096,8429.36
62094,64,512,4096,11752.6
241817,256,512,4096,15255
154531,64,2048,4096,9430.04
49628,64,512,4096,9734.11
57036,64,512,4096,11934.9
48540,64,512,4096,9736.68
49310,64,512,4096,9186.1
219154,256,512,4096,14116
147362,64,2048,4096,9462.39
33528,64,512,4096,7910.83
53373,64,512,4096,11557.2
34631,64,512,4096,8012.82
44365,64,512,4096,9492.85
195846,256,512,4096,12470.7
120625,64,2048,4096,7914.51
54241,64,512,4096,10197.4
71756,64,512,4096,13923.6
51254,64,512,4096,9830.14
64594,64,512,4096,11247.8
45935,64,512,4096,11005.5
46296,64,512,4096,10616.3
52919,64,512,4096,10938
38370,64,512,4096,9074.91
331367,256,512,4096,19231.7
265406,64,2048,4096,14505.6
65174,64,512,4096,12885.7
85635,64,512,4096,16163.4
59884,64,512,4096,11781.3
89665,64,512,4096,15314
45262,64,512,4096,9669.59
57303,64,512,4096,11823.7
48014,64,512,4096,9854.08
44781,64,512,4096,9217.94
250381,256,512,4096,15538.5
189258,64,2048,4096,11736.6
40322,64,512,4096,8778.29
85967,64,512,4096,16183
36932,64,512,4096,8202.56
74639,64,512,4096,13235
44052,64,512,4096,9130.62
61540,64,512,4096,12286.5
47508,64,512,4096,9360.25
46746,64,512,4096,8676.02
265383,256,512,4096,16188
195030,64,2048,4096,11856
42118,64,512,4096,8570.54
91334,64,512,4096,17244
42774,64,512,4096,8623.21
79227,64,512,4096,14766.2
38467,64,512,4096,7943.18
71031,64,512,4096,13747.6
44005,64,512,4096,8336.96
53746,64,512,4096,9983.07
283233,256,512,4096,17101.8
202509,64,2048,4096,11501.1
46461,64,512,4096,9321.8
78908,64,512,4096,15180.9
48194,64,512,4096,9398.8
72580,64,512,4096,13057.9
43854,64,512,4096,8869.86
96524,64,512,4096,18218.3
51673,64,512,4096,9782.14
76538,64,512,4096,13718.8
320489,256,512,4096,18755
247453,64,2048,4096,12801.8
40847,64,512,4096,8350.2
81975,64,512,4096,15188.2
42541,64,512,4096,8441.72
75412,64,512,4096,14144.9
49860,64,512,4096,9583.24
110313,64,512,4096,20402.5
61547,64,512,4096,11205.2
88378,64,512,4096,16162.5
345592,256,512,4096,19827
274829,64,2048,4096,13639
25374,64,512,4096,6163.59
60536,64,512,4096,12008.1
25890,64,512,4096,6340.89
57422,64,512,4096,10409.8
209395,256,512,4096,13363.5
151186,64,2048,4096,9515.21
32695,64,512,4096,8226.5
42140,64,512,4096,8444.37
30524,64,512,4096,7779.34
49135,64,512,4096,9016.56
126254,256,512,4096,8353.52
76575,64,2048,4096,5784
17164,64,512,4096,5767.03
52044,64,512,4096,10435
14299,64,512,4096,5250.2
37690,64,512,4096,8026.15
146819,256,512,4096,9887.32
84761,64,2048,4096,5543.14
23183,64,512,4096,6489.64
49133,64,512,4096,11170.8
21266,64,512,4096,6180.08
36818,64,512,4096,8594.07
144374,256,512,4096,9447.87
87498,64,2048,4096,6036.9
20567,64,512,4096,5915.3
39685,64,512,4096,9232.01
19186,64,512,4096,5720.59
32050,64,512,4096,7420.8
133310,256,512,4096,8658.78
81004,64,2048,4096,5746.44
25603,64,512,4096,6809.41
40168,64,512,4096,9194.69
23381,64,512,4096,6546.43
32959,64,512,4096,7739.35
117647,256,512,4096,7334.39
69633,64,2048,4096,5373.06
23953,64,512,4096,5637.4
31670,64,512,4096,7092.98
22904,64,512,4096,5968.65
28133,64,512,4096,6730.38
34335,64,512,4096,9717.85
29747,64,512,4096,8234.55
42332,64,512,4096,10554.8
23730,64,512,4096,7435.78
165318,256,512,4096,10946.5
114116,64,2048,4096,6964.83
34464,64,512,4096,8125.69
60724,64,512,4096,11460.7
30956,64,512,4096,7693.4
62144,64,512,4096,11528.1
27947,64,512,4096,7330.16
32084,64,512,4096,7815.54
31500,64,512,4096,7771.19
26063,64,512,4096,5800.8
144805,256,512,4096,9758.74
93516,64,2048,4096,6704.15
19984,64,512,4096,5841.77
51570,64,512,4096,9868.27
18956,64,512,4096,5673.79
45617,64,512,4096,9044.37
17384,64,512,4096,5584.59
30722,64,512,4096,7442.62
20613,64,512,4096,5703.71
23618,64,512,4096,6078.76
150601,256,512,4096,10034.5
91018,64,2048,4096,6267.22
22986,64,512,4096,6096.63
50560,64,512,4096,10202.8
23332,64,512,4096,6227.86
48332,64,512,4096,9329.17
18710,64,512,4096,5578.25
48771,64,512,4096,9492.49
22976,64,512,4096,5933.42
37207,64,512,4096,7789.5
158689,256,512,4096,10701.6
91220,64,2048,4096,6516.61
25803,64,512,4096,5847.84
51980,64,512,4096,10553.2
27000,64,512,4096,6352.39
50793,64,512,4096,9643.97
22110,64,512,4096,5895.65
70194,64,512,4096,13017.1
27829,64,512,4096,6507.75
55987,64,512,4096,11463.1
166966,256,512,4096,11118.7
100492,64,2048,4096,6741.13
16560,64,512,4096,5060.08
39864,64,512,4096,8946.19
17972,64,512,4096,5161.58
38720,64,512,4096,8062.18
24537,64,512,4096,6409.56
65081,64,512,4096,12150.6
35051,64,512,4096,7574.72
54980,64,512,4096,11438.5
189128,256,512,4096,12088.9
109440,64,2048,4096,7060.95
6244,64,512,4096,3425.73
26927,64,512,4096,6681.71
7420,64,512,4096,3610.99
26093,64,512,4096,6525.49
53227,256,512,4096,4962.98
34630,64,2048,4096,4658.45
13396,64,512,4096,4857.65
27558,64,512,4096,6705.49
12282,64,512,4096,4605.22
32402,64,512,4096,7446.2
59715,256,512,4096,4943.22
31978,64,2048,4096,4659.59
8006,64,512,4096,4151.37
25723,64,512,4096,6564.32
7531,64,512,4096,3980.13
18901,64,512,4096,5066.09
73174,256,512,4096,5427.9
37471,64,2048,4096,4603.72
7276,64,512,4096,3678.63
25171,64,512,4096,7048.34
6459,64,512,4096,3335.19
19734,64,512,4096,6340.01
77994,256,512,4096,5745.08
38793,64,2048,4096,4951.22
11015,64,512,4096,4483.59
24419,64,512,4096,6221.9
10472,64,512,4096,4388.84
20582,64,512,4096,5757.89
70998,256,512,4096,5388.22
35760,64,2048,4096,4889.05
8285,64,512,4096,4340.36
20839,64,512,4096,5862.52
7826,64,512,4096,4154.26
17985,64,512,4096,5234.17
61917,256,512,4096,5044.26
28848,64,2048,4096,4298.34
11904,64,512,4096,4531.22
21574,64,512,4096,5805.92
11724,64,512,4096,4411.41
20289,64,512,4096,5764.81
13591,64,512,4096,5335.49
11834,64,512,4096,5730.06
18364,64,512,4096,6659.47
8842,64,512,4096,2732.46
107573,256,512,4096,7699.4
80849,64,2048,4096,6075.19
16771,64,512,4096,5601.05
28842,64,512,4096,7657.13
13807,64,512,4096,5343.67
31600,64,512,4096,8158.45
13156,64,512,4096,4339.79
15612,64,512,4096,5555.64
15414,64,512,4096,4691.68
10938,64,512,4096,3917.09
48981,256,512,4096,4645.61
34082,64,2048,4096,4856.36
7091,64,512,4096,3683.6
27698,64,512,4096,6737.83
6302,64,512,4096,3359.42
21599,64,512,4096,5943.52
6119,64,512,4096,3682.5
11183,64,512,4096,4439.32
7324,64,512,4096,3599.96
7750,64,512,4096,3633.11
55048,256,512,4096,4812.04
35955,64,2048,4096,4648.64
8454,64,512,4096,3907.61
27387,64,512,4096,6692.93
8560,64,512,4096,3857.19
22070,64,512,4096,5913.75
7508,64,512,4096,3901.84
18737,64,512,4096,5534.89
9838,64,512,4096,4182.43
12906,64,512,4096,4539.28
63204,256,512,4096,5129.1
40951,64,2048,4096,4803.97
10143,64,512,4096,4010.24
31538,64,512,4096,7490.66
10640,64,512,4096,4143.45
26736,64,512,4096,6470.55
10085,64,512,4096,4244.33
31635,64,512,4096,7246.45
12905,64,512,4096,4516.31
23675,64,512,4096,6045.87
75648,256,512,4096,5715.97
51508,64,2048,4096,4412.39
8793,64,512,4096,3711.26
23635,64,512,4096,6524.88
8673,64,512,4096,3604.25
20949,64,512,4096,5778.69
11498,64,512,4096,4349.48
50919,64,512,4096,9791.53
15955,64,512,4096,4962.58
35619,64,512,4096,8099.9
90763,256,512,4096,6670.64
66881,64,2048,4096,5150.46
2012,64,512,4096,1934.8
9731,64,512,4096,3927.26
2143,64,512,4096,2018.58
8160,64,512,4096,3700.29
53936,256,512,4096,4741.2
37885,64,2048,4096,4414.41
4860,64,512,4096,2871.99
8693,64,512,4096,3995.17
4594,64,512,4096,2831.06
10765,64,512,4096,4012.7
19771,256,512,4096,3623.67
11460,64,2048,4096,3623.4
3116,64,512,4096,2697.16
17085,64,512,4096,6212.2
2706,64,512,4096,2520.83
11679,64,512,4096,4517.72
21492,256,512,4096,3671.39
12675,64,2048,4096,3670.03
3128,64,512,4096,2524.69
8602,64,512,4096,4446.82
2649,64,512,4096,2262.14
5842,64,512,4096,3271.03
21069,256,512,4096,3654.41
12926,64,2048,4096,3651.27
3130,64,512,4096,2597.77
8456,64,512,4096,4772.55
2888,64,512,4096,2417.49
5920,64,512,4096,2873.44
16569,256,512,4096,3511.52
10555,64,2048,4096,3650.6
3975,64,512,4096,2717.08
9829,64,512,4096,4764.91
3688,64,512,4096,2595.43
6880,64,512,4096,3299.7
14652,256,512,4096,3333.48
9374,64,2048,4096,3248.61
2878,64,512,4096,2381.71
5607,64,512,4096,3390.11
2627,64,512,4096,2234.67
4187,64,512,4096,2499.82
7994,64,512,4096,3811.64
6230,64,512,4096,4665.92
10825,64,512,4096,4691.55
4266,64,512,4096,2537.81
37336,256,512,4096,4291.83
28863,64,2048,4096,4193.41
5646,64,512,4096,3316.03
17872,64,512,4096,5378.42
4679,64,512,4096,2965.9
21603,64,512,4096,6424.46
5126,64,512,4096,2383.8
5757,64,512,4096,3967.99
6474,64,512,4096,2565.95
3865,64,512,4096,2211.23
18332,256,512,4096,3593.89
14699,64,2048,4096,3845.33
3668,64,512,4096,2703.62
11791,64,512,4096,4365.49
3797,64,512,4096,2769.68
10070,64,512,4096,4113.26
3401,64,512,4096,2466.17
5162,64,512,4096,3215.84
4111,64,512,4096,2707.91
3691,64,512,4096,2625.29
13036,256,512,4096,3324.3
9863,64,2048,4096,3660.25
4359,64,512,4096,2892.37
13924,64,512,4096,4744.85
4174,64,512,4096,2916.81
11995,64,512,4096,4318.82
3302,64,512,4096,2657.76
7543,64,512,4096,3643.42
4222,64,512,4096,2764.49
6012,64,512,4096,3153.64
12635,256,512,4096,3266.62
9668,64,2048,4096,3655.53
4405,64,512,4096,2674.19
10699,64,512,4096,3922.11
4559,64,512,4096,2537.51
9516,64,512,4096,3711.22
4352,64,512,4096,2825.51
15753,64,512,4096,4818.52
5559,64,512,4096,2912.67
12052,64,512,4096,4339.19
14538,256,512,4096,3351.2
11200,64,2048,4096,3421.34
2258,64,512,4096,1939.57
8183,64,512,4096,3769.38
2408,64,512,4096,1919.92
6857,64,512,4096,3257.03
4500,64,512,4096,2866.81
23566,64,512,4096,6129.06
5989,64,512,4096,3161.78
17053,64,512,4096,5229.22
17556,256,512,4096,3671.4
14256,64,2048,4096,3217.95
742,64,512,4096,864.872
2728,64,512,4096,2265.45
806,64,512,4096,885.695
2370,64,512,4096,1947.52
21989,256,512,4096,3676.07
16969,64,2048,4096,3853.68
1040,64,512,4096,1069.5
6990,64,512,4096,3255.84
971,64,512,4096,991.965
10210,64,512,4096,4266.95
4276,256,512,4096,1982.21
3145,64,2048,4096,2375.83
1083,64,512,4096,1152.34
7508,64,512,4096,4017.19
989,64,512,4096,1053.51
5246,64,512,4096,2919
3167,256,512,4096,1634.15
2309,64,2048,4096,1863.04
1566,64,512,4096,1421.09
4323,64,512,4096,2872.72
1368,64,512,4096,1316.48
3317,64,512,4096,2192.6
2099,256,512,4096,1192.69
1606,64,2048,4096,1527.31
1259,64,512,4096,1285.21
3983,64,512,4096,2930.7
1243,64,512,4096,1290.88
2880,64,512,4096,2285.43
1483,256,512,4096,858.941
1166,64,2048,4096,1017.72
827,64,512,4096,834.893
1872,64,512,4096,1799.77
712,64,512,4096,769.941
1394,64,512,4096,1303.38
1887,256,512,4096,1060.24
1200,64,2048,4096,839.413
419,64,512,4096,518.484
812,64,512,4096,922.562
391,64,512,4096,478.321
645,64,512,4096,746.962
131072,64,512,4096,25042.4
131072,64,512,4096,25135.5
131072,64,512,4096,24204
131072,64,512,4096,24246.7
524288,256,512,4096,29782.2
524288,64,2048,4096,26849.2
131072,64,512,4096,24221.7
131072,64,512,4096,24553
131072,64,512,4096,24541.9
131072,64,512,4096,24262.9
131072,64,512,4096,24932.8
131072,64,512,4096,24924.9
131072,64,512,4096,24558.4
131072,64,512,4096,24300.5
524288,256,512,4096,29769.7
524288,64,2048,4096,27077.3
131072,64,512,4096,24673.9
131072,64,512,4096,24528
131072,64,512,4096,24786.5
131072,64,512,4096,24456.2
131071,64,512,4096,24444.2
131072,64,512,4096,24426.7
131072,64,512,4096,24448.3
131072,64,512,4096,24495.4
524288,256,512,4096,30015.1
524288,64,2048,4096,27227.4
131072,64,512,4096,24222.7
131072,64,512,4096,24663.3
131072,64,512,4096,24823.8
131072,64,512,4096,24882.2
131072,64,512,4096,24914
131072,64,512,4096,24669.5
131072,64,512,4096,24937.6
131072,64,512,4096,24530.5
524288,256,512,4096,29975.8
524287,64,2048,4096,27044.7
131072,64,512,4096,24193.4
131072,64,512,4096,24411.6
131072,64,512,4096,24609
131072,64,512,4096,24339.3
131072,64,512,4096,24481.5
131072,64,512,4096,24183.9
131072,64,512,4096,24600.5
131072,64,512,4096,23932
524288,256,512,4096,29502
524288,64,2048,4096,27208.2
131072,64,512,4096,24500.9
131072,64,512,4096,24849.4
131072,64,512,4096,24867
131072,64,512,4096,24578.7
131072,64,512,4096,24740.8
131072,64,512,4096,24956.6
131072,64,512,4096,24843.9
131072,64,512,4096,24553.7
524288,256,512,4096,29981.4
524288,64,2048,4096,27292.9
131072,64,512,4096,24957.9
131072,64,512,4096,24792.6
131072,64,512,4096,24691.6
131072,64,512,4096,24929.5
524288,256,512,4096,30187.1
524288,64,2048,4096,23864.8
131072,64,512,4096,23058.3
131072,64,512,4096,31557.5
131072,64,512,4096,23219.5
131072,64,512,4096,25659.3
524288,256,512,4096,30069.7
524288,64,2048,4096,24964.1
131072,64,512,4096,24966.9
131072,64,512,4096,24899.3
131072,64,512,4096,24968.4
131072,64,512,4096,24899.3
524288,256,512,4096,30005.1
524288,64,2048,4096,26428.1
131072,64,512,4096,24992
131072,64,512,4096,25210.6
131072,64,512,4096,24880.9
131072,64,512,4096,24575.3
524288,256,512,4096,29992
524288,64,2048,4096,27344.1
131072,64,512,4096,25069.7
131072,64,512,4096,25087.4
131072,64,512,4096,24928.8
131072,64,512,4096,24885.3
524288,256,512,4096,29976.4
524288,64,2048,4096,26711.6
131072,64,512,4096,25140.5
131072,64,512,4096,24911.2
131072,64,512,4096,24980.8
131072,64,512,4096,24812.1
524288,256,512,4096,29986.9
524288,64,2048,4096,26594.8
131072,64,512,4096,25010.4
131072,64,512,4096,24986.8
131072,64,512,4096,25027.1
131072,64,512,4096,24960.9
104857,64,512,4096,19822.6
104857,64,512,4096,19110.8
104857,64,512,4096,19423
104857,64,512,4096,19550.4
419430,256,512,4096,23810.1
419430,64,2048,4096,20924.4
104857,64,512,4096,17506.3
104857,64,512,4096,19517.1
104857,64,512,4096,17281.4
104857,64,512,4096,19089.8
104857,64,512,4096,19485.2
104857,64,512,4096,19635.8
104857,64,512,4096,19714.2
104857,64,512,4096,19405.2
419430,256,512,4096,23992.1
419430,64,2048,4096,21694.4
104857,64,512,4096,18170.6
104857,64,512,4096,19694.7
104857,64,512,4096,19041.2
104857,64,512,4096,19157.7
104857,64,512,4096,19723.8
104856,64,512,4096,19838.1
104857,64,512,4096,18114.5
104857,64,512,4096,19074
419430,256,512,4096,24037.8
419430,64,2048,4096,21483.4
104857,64,512,4096,19010.6
104857,64,512,4096,19383.3
104857,64,512,4096,19465.4
104857,64,512,4096,19224.9
104857,64,512,4096,19590.8
104857,64,512,4096,19492.3
104857,64,512,4096,18168.2
104857,64,512,4096,19698.6
419429,256,512,4096,23991.9
419429,64,2048,4096,21582.8
104857,64,512,4096,19760.1
104857,64,512,4096,19773.3
104857,64,512,4096,19718.9
104857,64,512,4096,19206.8
104857,64,512,4096,19814.4
104857,64,512,4096,19816.5
104857,64,512,4096,19760.4
104857,64,512,4096,19699.9
419430,256,512,4096,24015.9
419430,64,2048,4096,21636.2
104857,64,512,4096,18971.7
104857,64,512,4096,19768.4
104857,64,512,4096,19727.9
104857,64,512,4096,19603.7
104857,64,512,4096,19864.5
104857,64,512,4096,19772.3
104857,64,512,4096,18719.6
104857,64,512,4096,19716.7
419430,256,512,4096,23996.5
419430,64,2048,4096,21412.3
104857,64,512,4096,19411.2
104857,64,512,4096,19438.8
104857,64,512,4096,19465.8
104857,64,512,4096,19415.8
419430,256,512,4096,24231.1
419430,64,2048,4096,20816.5
104857,64,512,4096,20910.1
104857,64,512,4096,26006
104857,64,512,4096,19952.7
104857,64,512,4096,18615.5
419430,256,512,4096,23940.9
419430,64,2048,4096,18425.4
104857,64,512,4096,19514.5
104857,64,512,4096,17731.2
104857,64,512,4096,19584.1
104857,64,512,4096,19423.3
419430,256,512,4096,23907.9
419430,64,2048,4096,18353.2
104857,64,512,4096,19610.4
104857,64,512,4096,17762.7
104857,64,512,4096,19718.7
104857,64,512,4096,19341.1
419430,256,512,4096,23903.7
419430,64,2048,4096,18306.5
104857,64,512,4096,19619
104857,64,512,4096,18165.1
104857,64,512,4096,19569.6
104857,64,512,4096,19566.7
419429,256,512,4096,23860.3
419430,64,2048,4096,18168.4
104857,64,512,4096,19222.7
104857,64,512,4096,18497.7
104857,64,512,4096,19502.7
104857,64,512,4096,19460
419430,256,512,4096,23836
419430,64,2048,4096,18290.7
104857,64,512,4096,19675.9
104857,64,512,4096,18207.6
104857,64,512,4096,19619.9
104857,64,512,4096,19507.7
78643,64,512,4096,13699.7
78642,64,512,4096,14253.9
78643,64,512,4096,15017.5
78643,64,512,4096,13327.7
314572,256,512,4096,18251.7
314572,64,2048,4096,14040.4
78643,64,512,4096,13408.3
78643,64,512,4096,13582.1
78643,64,512,4096,13298.8
78643,64,512,4096,13459.7
78643,64,512,4096,13304.7
78643,64,512,4096,14203.4
78643,64,512,4096,13277.3
78643,64,512,4096,13589.7
314572,256,512,4096,18480.5
314571,64,2048,4096,14645.5
78643,64,512,4096,13432.4
78643,64,512,4096,14877.3
78643,64,512,4096,13363.4
78643,64,512,4096,13614.8
78643,64,512,4096,13324.8
78643,64,512,4096,14528.5
78643,64,512,4096,13597.8
78643,64,512,4096,13591.5
314572,256,512,4096,18369.2
314572,64,2048,4096,15223.9
78643,64,512,4096,13035.8
78643,64,512,4096,14660.6
78643,64,512,4096,13086.8
78643,64,512,4096,13435.8
78643,64,512,4096,14736.8
78643,64,512,4096,14338.2
78643,64,512,4096,13545.8
78643,64,512,4096,14699.4
314572,256,512,4096,18469.1
314572,64,2048,4096,16150.2
78643,64,512,4096,13729.3
78643,64,512,4096,15036.3
78643,64,512,4096,13864.8
78643,64,512,4096,13403.2
78643,64,512,4096,14793
78643,64,512,4096,14333.8
78643,64,512,4096,14308.3
78643,64,512,4096,14848.7
314572,256,512,4096,18406.8
314572,64,2048,4096,16434.8
78643,64,512,4096,13715.2
78643,64,512,4096,14997
78643,64,512,4096,13831.5
78643,64,512,4096,13516.9
78643,64,512,4096,14616
78643,64,512,4096,14648.8
78643,64,512,4096,13636.3
78643,64,512,4096,15088.2
314572,256,512,4096,18519
314572,64,2048,4096,16640.5
78643,64,512,4096,14446.9
78643,64,512,4096,14398.9
78643,64,512,4096,14451.9
78643,64,512,4096,14557.1
314572,256,512,4096,19027.4
314572,64,2048,4096,16708.9
78643,64,512,4096,18118.4
78643,64,512,4096,20076.8
78643,64,512,4096,16466.9
78643,64,512,4096,15837
314572,256,512,4096,18820.3
314572,64,2048,4096,15141.5
78643,64,512,4096,13655.4
78643,64,512,4096,14065.7
78643,64,512,4096,13455
78643,64,512,4096,13784.5
314572,256,512,4096,18563
314572,64,2048,4096,14862.7
78643,64,512,4096,13294.9
78643,64,512,4096,13249.9
78643,64,512,4096,13479.3
78643,64,512,4096,14783.6
314572,256,512,4096,18435.1
314571,64,2048,4096,14619
78643,64,512,4096,13670.6
78643,64,512,4096,13213.2
78643,64,512,4096,13911.4
78643,64,512,4096,13819.2
314572,256,512,4096,18385.2
314572,64,2048,4096,14425.1
78643,64,512,4096,13405.8
78643,64,512,4096,13284.6
78643,64,512,4096,13649
78643,64,512,4096,13808
314572,256,512,4096,18481.2
314572,64,2048,4096,14537.9
78643,64,512,4096,13684.4
78643,64,512,4096,13331.9
78643,64,512,4096,14011.7
78643,64,512,4096,14502.9
52428,64,512,4096,9693.88
52428,64,512,4096,9701.45
52428,64,512,4096,9529.82
52428,64,512,4096,10041.2
209715,256,512,4096,13493.2
209715,64,2048,4096,10674.3
52428,64,512,4096,9982.76
52428,64,512,4096,10624.5
52428,64,512,4096,9857.75
52428,64,512,4096,10152.4
52428,64,512,4096,9810.79
52428,64,512,4096,10785.7
52428,64,512,4096,9776.85
52428,64,512,4096,9896.53
209715,256,512,4096,13605.1
209715,64,2048,4096,12238.6
52428,64,512,4096,9653.3
52428,64,512,4096,10299.3
52428,64,512,4096,10040.9
52428,64,512,4096,9734.73
52428,64,512,4096,9654.86
52428,64,512,4096,10448
52428,64,512,4096,9752.98
52428,64,512,4096,9552.51
209715,256,512,4096,13472.2
209715,64,2048,4096,12334.2
52428,64,512,4096,9709.37
52428,64,512,4096,10840.1
52428,64,512,4096,9672.95
52428,64,512,4096,9827.18
52428,64,512,4096,10356
52428,64,512,4096,10656.5
52428,64,512,4096,10460.4
52428,64,512,4096,8952.85
209715,256,512,4096,13506.3
209715,64,2048,4096,12307.6
52428,64,512,4096,9604.77
52428,64,512,4096,10782.8
52428,64,512,4096,9621.67
52428,64,512,4096,9609.62
52428,64,512,4096,10127.5
52428,64,512,4096,10656.3
52428,64,512,4096,10105.5
52428,64,512,4096,9712.92
209715,256,512,4096,13560.5
209715,64,2048,4096,12409
52428,64,512,4096,8921.51
52428,64,512,4096,10693.9
52428,64,512,4096,9679.58
52428,64,512,4096,9605.36
52428,64,512,4096,10411.5
52428,64,512,4096,10433.8
52428,64,512,4096,10575.9
52428,64,512,4096,10439
209715,256,512,4096,13445.1
209715,64,2048,4096,12200.3
52428,64,512,4096,10584.5
52428,64,512,4096,10631.6
52428,64,512,4096,9737.2
52428,64,512,4096,10449.4
209715,256,512,4096,13577.9
209715,64,2048,4096,12481.5
52428,64,512,4096,10598
52428,64,512,4096,9895.8
52428,64,512,4096,11040.1
52428,64,512,4096,10100.6
209715,256,512,4096,13662.7
209715,64,2048,4096,12320.5
52428,64,512,4096,9818.87
52428,64,512,4096,10456.8
52428,64,512,4096,9818.34
52428,64,512,4096,10104.1
209715,256,512,4096,13543.8
209715,64,2048,4096,12468.5
52428,64,512,4096,9585.39
52428,64,512,4096,10087.7
52428,64,512,4096,9616.75
52428,64,512,4096,9838.16
209715,256,512,4096,13517.3
209715,64,2048,4096,12484.8
52428,64,512,4096,9717.42
52428,64,512,4096,10049.5
52428,64,512,4096,9666.37
52428,64,512,4096,9784.65
209715,256,512,4096,13531.2
209715,64,2048,4096,12296
52428,64,512,4096,10276
52428,64,512,4096,10244.5
52428,64,512,4096,10149.5
52428,64,512,4096,10605.5
209715,256,512,4096,13586
209715,64,2048,4096,12580.1
52428,64,512,4096,10004.7
52428,64,512,4096,10196.7
52428,64,512,4096,10079.3
52428,64,512,4096,10284.9
26214,64,512,4096,6447.1
26214,64,512,4096,6039.85
26214,64,512,4096,6440.51
26214,64,512,4096,6101.8
104857,256,512,4096,7810.87
104857,64,2048,4096,6685.79
26214,64,512,4096,6669.4
26214,64,512,4096,6165.09
26214,64,512,4096,6525.94
26214,64,512,4096,6654.62
26214,64,512,4096,6258.05
26214,64,512,4096,6559.05
26214,64,512,4096,6016
26214,64,512,4096,6379.41
104857,256,512,4096,7812.78
104857,64,2048,4096,6783.36
26214,64,512,4096,6515.02
26214,64,512,4096,6144.23
26214,64,512,4096,7013.96
26214,64,512,4096,6443.79
26214,64,512,4096,6537.04
26214,64,512,4096,6313.93
26214,64,512,4096,6282.54
26214,64,512,4096,5985.73
104857,256,512,4096,7654.02
104857,64,2048,4096,6667.41
26214,64,512,4096,6637.97
26214,64,512,4096,6067.24
26214,64,512,4096,6547.47
26214,64,512,4096,6542.26
26214,64,512,4096,6622.42
26214,64,512,4096,6657.63
26214,64,512,4096,6383.05
26214,64,512,4096,6652.78
104857,256,512,4096,7679.17
104857,64,2048,4096,6827.59
26214,64,512,4096,6488.96
26214,64,512,4096,6845.81
26214,64,512,4096,6181.9
26214,64,512,4096,6264.59
26214,64,512,4096,6480.44
26214,64,512,4096,6447.6
26214,64,512,4096,6240.47
26214,64,512,4096,6377.04
104857,256,512,4096,7570.32
104857,64,2048,4096,6669.53
26214,64,512,4096,6174.11
26214,64,512,4096,6602.22
26214,64,512,4096,5890.4
26214,64,512,4096,5910.9
26214,64,512,4096,6684.62
26214,64,512,4096,6648.62
26214,64,512,4096,6400.83
26214,64,512,4096,6399.94
104857,256,512,4096,7771.32
104857,64,2048,4096,6361.28
26214,64,512,4096,6473.01
26214,64,512,4096,6105.05
26214,64,512,4096,6452.37
26214,64,512,4096,6488.31
104857,256,512,4096,7651.03
104857,64,2048,4096,6756.79
26214,64,512,4096,6596.44
26214,64,512,4096,6688.65
26214,64,512,4096,7648.44
26214,64,512,4096,6448.37
104857,256,512,4096,7715.95
104857,64,2048,4096,7022.55
26214,64,512,4096,6523.06
26214,64,512,4096,6671.79
26214,64,512,4096,6574.28
26214,64,512,4096,6826.31
104857,256,512,4096,7501.73
104857,64,2048,4096,7251.66
26214,64,512,4096,6440.11
26214,64,512,4096,6487.96
26214,64,512,4096,6374.41
26214,64,512,4096,6445.31
104857,256,512,4096,7244.49
104857,64,2048,4096,6791.26
26214,64,512,4096,6500.41
26214,64,512,4096,6268.6
26214,64,512,4096,6480.98
26214,64,512,4096,6210.96
104857,256,512,4096,7520.49
104857,64,2048,4096,6640.53
26214,64,512,4096,6693.82
26214,64,512,4096,6205.59
26214,64,512,4096,6610.71
26214,64,512,4096,6028.02
104857,256,512,4096,7489.44
104857,64,2048,4096,6294.4
26214,64,512,4096,6510.62
26214,64,512,4096,6026.43
26214,64,512,4096,6397.87
26214,64,512,4096,6382.47
13107,64,512,4096,4377.06
13107,64,512,4096,3912.17
13107,64,512,4096,4451.84
13107,64,512,4096,4574.34
52428,256,512,4096,4771.72
52428,64,2048,4096,4455.78
13107,64,512,4096,4557.41
13107,64,512,4096,4382.38
13107,64,512,4096,4783
13107,64,512,4096,4789.11
13107,64,512,4096,4140.42
13107,64,512,4096,4477.38
13107,64,512,4096,4071.21
13107,64,512,4096,4724.44
52428,256,512,4096,4718.7
52428,64,2048,4096,4786.29
13107,64,512,4096,4666.88
13107,64,512,4096,4174.57
13107,64,512,4096,4630.78
13107,64,512,4096,4610.64
13107,64,512,4096,4719.06
13107,64,512,4096,4455.53
13107,64,512,4096,4443.58
13107,64,512,4096,4658.52
52428,256,512,4096,4821.88
52428,64,2048,4096,4975.85
13107,64,512,4096,4708.17
13107,64,512,4096,4672.92
13107,64,512,4096,4754.73
13107,64,512,4096,4624.94
13107,64,512,4096,4858.81
13107,64,512,4096,4263.93
13107,64,512,4096,4395.04
13107,64,512,4096,4243.98
52428,256,512,4096,4800.3
52427,64,2048,4096,4959.97
13107,64,512,4096,3952.12
13107,64,512,4096,4254.93
13107,64,512,4096,3924.02
13107,64,512,4096,3943.76
13107,64,512,4096,4503.37
13107,64,512,4096,3859.39
13107,64,512,4096,4120.81
13107,64,512,4096,4140.08
52428,256,512,4096,4808.63
52428,64,2048,4096,4650.07
13107,64,512,4096,4082.16
13107,64,512,4096,4123.75
13107,64,512,4096,4083.15
13107,64,512,4096,4276.89
13107,64,512,4096,4715.55
13107,64,512,4096,4093.61
13107,64,512,4096,4253.04
13107,64,512,4096,4631.32
52428,256,512,4096,4989.3
52428,64,2048,4096,4251.55
13107,64,512,4096,4451.22
13107,64,512,4096,4233.61
13107,64,512,4096,4479.29
13107,64,512,4096,4519.6
52428,256,512,4096,4903.61
52428,64,2048,4096,5200.13
13107,64,512,4096,5351.42
13107,64,512,4096,4668.08
13107,64,512,4096,5629.29
13107,64,512,4096,4439.94
52428,256,512,4096,4859.21
52427,64,2048,4096,4612.35
13107,64,512,4096,4755.07
13107,64,512,4096,4258.44
13107,64,512,4096,4415.54
13107,64,512,4096,4617.81
52427,256,512,4096,4745.34
52428,64,2048,4096,4791.42
13107,64,512,4096,4186.76
13107,64,512,4096,4099.59
13107,64,512,4096,4106.24
13107,64,512,4096,4332.89
52428,256,512,4096,4589.09
52428,64,2048,4096,4762.92
13107,64,512,4096,4711.21
13107,64,512,4096,4511.21
13107,64,512,4096,4647.2
13107,64,512,4096,4381.75
52428,256,512,4096,4835.2
52428,64,2048,4096,4966.75
13107,64,512,4096,4559.4
13107,64,512,4096,4285.66
13107,64,512,4096,4570.67
13107,64,512,4096,4610.26
52428,256,512,4096,4810.1
52428,64,2048,4096,4981.01
13107,64,512,4096,4616.67
13107,64,512,4096,4226.84
13107,64,512,4096,4556.24
13107,64,512,4096,4528.63
5242,64,512,4096,3019.69
5242,64,512,4096,2644.4
5242,64,512,4096,2864.29
5242,64,512,4096,2403.26
20971,256,512,4096,3574.06
20971,64,2048,4096,3512.23
5242,64,512,4096,2960.76
5242,64,512,4096,2638.97
5242,64,512,4096,2920.9
5242,64,512,4096,2911.36
5242,64,512,4096,2890.61
5242,64,512,4096,2777.04
5242,64,512,4096,2839.02
5242,64,512,4096,2863.56
20971,256,512,4096,3711.17
20971,64,2048,4096,3640.39
5242,64,512,4096,2918.2
5242,64,512,4096,2943.81
5242,64,512,4096,2832.52
5242,64,512,4096,3026.12
5242,64,512,4096,3152.97
5242,64,512,4096,2669.38
5242,64,512,4096,2770.45
5242,64,512,4096,2843.9
20971,256,512,4096,3704.02
20971,64,2048,4096,3663.53
5242,64,512,4096,2829.33
5242,64,512,4096,3000.75
5242,64,512,4096,2856.15
5242,64,512,4096,3050.37
5242,64,512,4096,3124.16
5242,64,512,4096,2956.65
5242,64,512,4096,2905.88
5242,64,512,4096,2810.45
20971,256,512,4096,3760.8
20971,64,2048,4096,3719.67
5242,64,512,4096,3131.08
5242,64,512,4096,3009.8
5242,64,512,4096,2888.46
5242,64,512,4096,2952.16
5242,64,512,4096,2991.95
5242,64,512,4096,2823.58
5242,64,512,4096,2756.22
5242,64,512,4096,2975.96
20971,256,512,4096,3717.49
20971,64,2048,4096,3315.67
5242,64,512,4096,2894.63
5242,64,512,4096,2638.4
5242,64,512,4096,2937.24
5242,64,512,4096,2877.93
5242,64,512,4096,3191.09
5242,64,512,4096,2844.11
5242,64,512,4096,2840.86
5242,64,512,4096,3046.08
20971,256,512,4096,3727.81
20971,64,2048,4096,3507.15
5242,64,512,4096,2978.37
5242,64,512,4096,2531.8
5242,64,512,4096,2770.2
5242,64,512,4096,2823.34
20971,256,512,4096,3826.67
20971,64,2048,4096,4313.23
5242,64,512,4096,3391.38
5242,64,512,4096,2984.86
5242,64,512,4096,3612.79
5242,64,512,4096,2795.5
20971,256,512,4096,3719.16
20971,64,2048,4096,3459.72
5242,64,512,4096,3122.38
5242,64,512,4096,2798.03
5242,64,512,4096,3135
5242,64,512,4096,3001.89
20971,256,512,4096,3665.19
20971,64,2048,4096,3578.82
5242,64,512,4096,2948.98
5242,64,512,4096,2831.68
5242,64,512,4096,2849.12
5242,64,512,4096,2947.27
20971,256,512,4096,3505.61
20971,64,2048,4096,3655.17
5242,64,512,4096,3133.83
5242,64,512,4096,2967.37
5242,64,512,4096,2572.52
5242,64,512,4096,2687.13
20970,256,512,4096,3531.94
20971,64,2048,4096,3825.99
5242,64,512,4096,3047.57
5242,64,512,4096,2914.87
5242,64,512,4096,2980.75
5242,64,512,4096,2971.09
20971,256,512,4096,3660.66
20971,64,2048,4096,3775.69
5242,64,512,4096,2944.55
5242,64,512,4096,2829.98
5242,64,512,4096,2871.09
5242,64,512,4096,2938.04
131072,64,512,4096,24280.3
131072,64,512,4096,24425.8
131072,64,512,4096,24304
131072,64,512,4096,24741.9
524288,256,512,4096,29992.6
524288,64,2048,4096,27016.1
131072,64,512,4096,24517.4
131072,64,512,4096,24275.8
131072,64,512,4096,24429.2
131072,64,512,4096,24459.3
131072,64,512,4096,24454.1
131072,64,512,4096,24301.5
131072,64,512,4096,23795.7
131072,64,512,4096,24241.1
524288,256,512,4096,29772.4
524288,64,2048,4096,26786.1
131072,64,512,4096,24362.2
131072,64,512,4096,24308.7
131072,64,512,4096,24279.6
131072,64,512,4096,24634.9
131072,64,512,4096,24352.2
131072,64,512,4096,24503.6
131072,64,512,4096,24452.9
131072,64,512,4096,24439.9
524288,256,512,4096,29786.4
524288,64,2048,4096,27087.1
131072,64,512,4096,24927.5
131072,64,512,4096,24687.4
131072,64,512,4096,24811.9
131072,64,512,4096,24943.6
131072,64,512,4096,24879.8
131072,64,512,4096,24814.4
131072,64,512,4096,24818.1
131072,64,512,4096,24554.6
524288,256,512,4096,29978.5
524288,64,2048,4096,27326.9
131072,64,512,4096,24730.8
131072,64,512,4096,24780.2
131072,64,512,4096,24769.1
131072,64,512,4096,25077.8
131072,64,512,4096,24645.5
131072,64,512,4096,24761.9
131072,64,512,4096,24867.7
131072,64,512,4096,24589.7
524288,256,512,4096,29796.7
524288,64,2048,4096,26976.4
131072,64,512,4096,24367.7
131072,64,512,4096,24238.1
131072,64,512,4096,24491.7
131072,64,512,4096,24506.2
131072,64,512,4096,24569
131072,64,512,4096,24531.6
131072,64,512,4096,24120.3
131072,64,512,4096,24372.5
524288,256,512,4096,29703.8
524288,64,2048,4096,27087
131072,64,512,4096,24193.7
131072,64,512,4096,24537.5
131072,64,512,4096,24775.9
131072,64,512,4096,24798.3
524288,256,512,4096,30029.4
524288,64,2048,4096,26816.7
131072,64,512,4096,24370.3
131072,64,512,4096,24345.6
131072,64,512,4096,24506
131072,64,512,4096,24443
524288,256,512,4096,29808
524288,64,2048,4096,27183.7
131072,64,512,4096,24523.3
131072,64,512,4096,24348
131072,64,512,4096,24523
131072,64,512,4096,24420.3
524288,256,512,4096,29767.8
524288,64,2048,4096,26964.8
131072,64,512,4096,24578.5
131072,64,512,4096,24404.2
131072,64,512,4096,24341.1
131072,64,512,4096,24433.3
524288,256,512,4096,29840.1
524288,64,2048,4096,27010.7
131072,64,512,4096,24403.9
131072,64,512,4096,24434.6
131072,64,512,4096,24521.5
131072,64,512,4096,24621
524288,256,512,4096,29827.8
524288,64,2048,4096,27167
131072,64,512,4096,24525.7
131072,64,512,4096,24388
131072,64,512,4096,24462.5
131072,64,512,4096,24591.2
524288,256,512,4096,29778.1
524288,64,2048,4096,27151.4
131072,64,512,4096,24487
131072,64,512,4096,24380.1
131072,64,512,4096,24440.4
131072,64,512,4096,24438.9
104857,64,512,4096,19451.2
104857,64,512,4096,19494.8
104857,64,512,4096,19360.5
104857,64,512,4096,19412.6
419430,256,512,4096,23828.8
419430,64,2048,4096,21075.2
104857,64,512,4096,19566.8
104857,64,512,4096,19760.9
104857,64,512,4096,19752
104857,64,512,4096,19802.4
104857,64,512,4096,19718.2
104857,64,512,4096,19519.4
104857,64,512,4096,19717.1
104857,64,512,4096,19763.1
419430,256,512,4096,23999.6
419431,64,2048,4096,21570.8
104857,64,512,4096,19757
104857,64,512,4096,19715.3
104857,64,512,4096,19717.3
104857,64,512,4096,19784.1
104857,64,512,4096,19622.7
104857,64,512,4096,19690.9
104857,64,512,4096,19613.7
104857,64,512,4096,19410.6
419430,256,512,4096,23811.9
419430,64,2048,4096,21466.2
104857,64,512,4096,19602.4
104857,64,512,4096,19737.4
104857,64,512,4096,19769
104857,64,512,4096,19802
104857,64,512,4096,19711
104857,64,512,4096,19251.3
104857,64,512,4096,19241.3
104857,64,512,4096,19421.4
419430,256,512,4096,23832.7
419430,64,2048,4096,21440.6
104857,64,512,4096,19379.4
104857,64,512,4096,19414.4
104857,64,512,4096,19528
104857,64,512,4096,19440.4
104857,64,512,4096,19365.1
104857,64,512,4096,19412.6
104857,64,512,4096,19721.2
104857,64,512,4096,19705.5
419430,256,512,4096,24027.6
419430,64,2048,4096,21560.8
104857,64,512,4096,18168.6
104857,64,512,4096,19656.9
104857,64,512,4096,19701.9
104857,64,512,4096,19719.7
104857,64,512,4096,19706.3
104857,64,512,4096,19406
104857,64,512,4096,19410.4
104857,64,512,4096,19490
419430,256,512,4096,23833.1
419430,64,2048,4096,21485.4
104857,64,512,4096,19383.6
104857,64,512,4096,19433.2
104857,64,512,4096,19511
104857,64,512,4096,19436.9
419430,256,512,4096,23829.2
419430,64,2048,4096,21418.8
104857,64,512,4096,19409.7
104857,64,512,4096,19425
104857,64,512,4096,19471.5
104857,64,512,4096,19444.6
419430,256,512,4096,23799.2
419430,64,2048,4096,21394.5
104857,64,512,4096,19375.5
104857,64,512,4096,19416.6
104857,64,512,4096,19446
104857,64,512,4096,19409.9
419430,256,512,4096,23856.8
419430,64,2048,4096,21221.2
104857,64,512,4096,19510.2
104857,64,512,4096,19411.9
104857,64,512,4096,19409.7
104857,64,512,4096,19434.7
419430,256,512,4096,23819.6
419430,64,2048,4096,21368.5
104857,64,512,4096,19435.2
104857,64,512,4096,19493.8
104857,64,512,4096,19674.4
104857,64,512,4096,19625.1
419430,256,512,4096,23366.7
419430,64,2048,4096,21576.3
104857,64,512,4096,19381.3
104857,64,512,4096,19453.8
104857,64,512,4096,19743.3
104857,64,512,4096,19727.5
419430,256,512,4096,23991.7
419430,64,2048,4096,21569.1
104857,64,512,4096,19404.3
104857,64,512,4096,19405.4
104857,64,512,4096,19413.5
104857,64,512,4096,19418.5
78643,64,512,4096,14615.7
78643,64,512,4096,14707.6
78643,64,512,4096,14836.3
78643,64,512,4096,14693
314572,256,512,4096,18307.3
314572,64,2048,4096,16606.4
78643,64,512,4096,14639.5
78643,64,512,4096,14689.3
78643,64,512,4096,14639.4
78643,64,512,4096,14613
78643,64,512,4096,14477.8
78643,64,512,4096,14730.5
78643,64,512,4096,14662.1
78643,64,512,4096,14970.2
314572,256,512,4096,18406.4
314572,64,2048,4096,16591.1
78643,64,512,4096,14660.8
78643,64,512,4096,14750.2
78643,64,512,4096,14402.6
78643,64,512,4096,14654.2
78643,64,512,4096,14724.7
78643,64,512,4096,14570.3
78643,64,512,4096,14708.7
78643,64,512,4096,14240.1
314572,256,512,4096,18268.6
314572,64,2048,4096,16527.9
78643,64,512,4096,14529
78643,64,512,4096,14661.8
78643,64,512,4096,14726.2
78643,64,512,4096,14547.7
78643,64,512,4096,14643.6
78643,64,512,4096,14659.6
78643,64,512,4096,14693.5
78643,64,512,4096,14432.1
314572,256,512,4096,18234.5
314572,64,2048,4096,16579.9
78643,64,512,4096,14687.2
78643,64,512,4096,14619.9
78643,64,512,4096,14703.3
78643,64,512,4096,14607.1
78643,64,512,4096,14590.2
78643,64,512,4096,14588.4
78643,64,512,4096,14613.7
78643,64,512,4096,13826.7
314572,256,512,4096,18287.1
314572,64,2048,4096,16622.4
78643,64,512,4096,14602
78643,64,512,4096,14379.2
78643,64,512,4096,14706.4
78643,64,512,4096,14542.7
78643,64,512,4096,14746.7
78643,64,512,4096,14613.3
78643,64,512,4096,14585.3
78643,64,512,4096,13570.3
314572,256,512,4096,18311
314572,64,2048,4096,16580.7
78643,64,512,4096,14653.3
78643,64,512,4096,14735.7
78643,64,512,4096,14689.7
78643,64,512,4096,14738.3
314572,256,512,4096,18268.4
314572,64,2048,4096,16727.7
78643,64,512,4096,14961.9
78643,64,512,4096,14753.1
78643,64,512,4096,14827
78643,64,512,4096,14947.3
314572,256,512,4096,18369
314572,64,2048,4096,16755
78643,64,512,4096,14784
78643,64,512,4096,14835.8
78643,64,512,4096,14873.9
78643,64,512,4096,14958.6
314572,256,512,4096,18412.8
314572,64,2048,4096,16667.5
78643,64,512,4096,14987.2
78643,64,512,4096,15029.9
78643,64,512,4096,14798.3
78643,64,512,4096,14910.7
314572,256,512,4096,18397.1
314572,64,2048,4096,16606.1
78643,64,512,4096,14660.9
78643,64,512,4096,14841.7
78643,64,512,4096,14690.9
78643,64,512,4096,14690
314572,256,512,4096,18304.5
314572,64,2048,4096,16535.8
78643,64,512,4096,14564.4
78643,64,512,4096,14482.7
78643,64,512,4096,14703
78643,64,512,4096,14522.9
314572,256,512,4096,18234.5
314572,64,2048,4096,16474.1
78643,64,512,4096,14623.8
78643,64,512,4096,14543.9
78643,64,512,4096,14677.4
78643,64,512,4096,14610.9
52428,64,512,4096,10708.6
52428,64,512,4096,10813.5
52428,64,512,4096,10922.6
52428,64,512,4096,10980.2
209715,256,512,4096,13594.4
209715,64,2048,4096,12260.5
52428,64,512,4096,10695.5
52428,64,512,4096,10799.2
52428,64,512,4096,10852.8
52428,64,512,4096,10874.4
52428,64,512,4096,10885
52428,64,512,4096,10841.4
52428,64,512,4096,10013.1
52428,64,512,4096,10614.9
209715,256,512,4096,13465.9
209715,64,2048,4096,12294.3
52428,64,512,4096,10658.4
52428,64,512,4096,10663
52428,64,512,4096,10693.5
52428,64,512,4096,10681.4
52428,64,512,4096,10773.8
52428,64,512,4096,10789.7
52428,64,512,4096,10732.2
52428,64,512,4096,10883.8
209715,256,512,4096,13554.1
209715,64,2048,4096,12340.9
52428,64,512,4096,10854.1
52428,64,512,4096,10839.4
52428,64,512,4096,10796.9
52428,64,512,4096,10587.5
52428,64,512,4096,10909.2
52428,64,512,4096,10762.1
52428,64,512,4096,10918.6
52428,64,512,4096,10923.8
209715,256,512,4096,13551.3
209715,64,2048,4096,12325.3
52428,64,512,4096,10993.9
52428,64,512,4096,10840.2
52428,64,512,4096,9906.86
52428,64,512,4096,10520.6
52428,64,512,4096,10729.3
52428,64,512,4096,10644.7
52428,64,512,4096,10741.8
52428,64,512,4096,10813.6
209715,256,512,4096,13409
209715,64,2048,4096,12230.8
52428,64,512,4096,10774.7
52428,64,512,4096,10640
52428,64,512,4096,10591.9
52428,64,512,4096,10764.2
52428,64,512,4096,10782.2
52428,64,512,4096,10518.6
52428,64,512,4096,10654.6
52428,64,512,4096,10570.1
209715,256,512,4096,13466.2
209715,64,2048,4096,12256.7
52428,64,512,4096,10555.1
52428,64,512,4096,10656.5
52428,64,512,4096,10753.8
52428,64,512,4096,10618.9
209716,256,512,4096,13462.4
209715,64,2048,4096,12274.3
52428,64,512,4096,10749.3
52428,64,512,4096,10686.1
52428,64,512,4096,10736.7
52428,64,512,4096,10705.8
209715,256,512,4096,13424.5
209715,64,2048,4096,12233.7
52428,64,512,4096,10659.2
52428,64,512,4096,10780.9
52428,64,512,4096,10662.7
52428,64,512,4096,10786.6
209715,256,512,4096,13487.6
209715,64,2048,4096,12270.1
52428,64,512,4096,10738.4
52428,64,512,4096,10679.7
52428,64,512,4096,10689.4
52428,64,512,4096,10770.7
209715,256,512,4096,13495.7
209715,64,2048,4096,12223.8
52428,64,512,4096,10753.7
52428,64,512,4096,10664.6
52428,64,512,4096,10798.5
52428,64,512,4096,10684.9
209715,256,512,4096,13467.1
209715,64,2048,4096,12252.3
52428,64,512,4096,10689.9
52429,64,512,4096,10773.8
52428,64,512,4096,10615
52428,64,512,4096,10582.1
209715,256,512,4096,13481.8
209715,64,2048,4096,12209.9
52428,64,512,4096,10746.7
52428,64,512,4096,10721.4
52428,64,512,4096,10670.7
52428,64,512,4096,10632.5
26214,64,512,4096,6600.98
26214,64,512,4096,6641.58
26214,64,512,4096,6396.07
26214,64,512,4096,6660.77
104857,256,512,4096,7921.26
104857,64,2048,4096,7074.27
26214,64,512,4096,6628.07
26214,64,512,4096,6474.07
26214,64,512,4096,6602.96
26214,64,512,4096,5871
26214,64,512,4096,6740.58
26214,64,512,4096,6578.34
26214,64,512,4096,6522.8
26214,64,512,4096,6844.66
104857,256,512,4096,8101.6
104857,64,2048,4096,6897.02
26214,64,512,4096,6766.43
26214,64,512,4096,6798.45
26214,64,512,4096,6777.99
26214,64,512,4096,6875.62
26214,64,512,4096,6767.36
26214,64,512,4096,6685.25
26214,64,512,4096,6867.42
26214,64,512,4096,6437.42
104857,256,512,4096,8052.47
104857,64,2048,4096,6810.42
26214,64,512,4096,6725.55
26214,64,512,4096,6488.65
26214,64,512,4096,6755.06
26214,64,512,4096,6606.77
26214,64,512,4096,6250.94
26214,64,512,4096,6512.11
26214,64,512,4096,6643.69
26214,64,512,4096,6819.55
104857,256,512,4096,7648.44
104857,64,2048,4096,6817.32
26214,64,512,4096,6627.68
26214,64,512,4096,6510.59
26214,64,512,4096,6764.01
26214,64,512,4096,6542.74
26214,64,512,4096,6602.31
26214,64,512,4096,6403.58
26214,64,512,4096,6457.52
26214,64,512,4096,6535.73
104857,256,512,4096,7882.93
104857,64,2048,4096,6862.58
26214,64,512,4096,6459.95
26214,64,512,4096,6449.45
26214,64,512,4096,6510.24
26214,64,512,4096,6679.76
26214,64,512,4096,6480.19
26214,64,512,4096,6557.32
26214,64,512,4096,6477.22
26214,64,512,4096,6663.91
104857,256,512,4096,7896.25
104857,64,2048,4096,6971.29
26214,64,512,4096,6552.68
26214,64,512,4096,6614.58
26214,64,512,4096,6609.5
26214,64,512,4096,6360.06
104857,256,512,4096,8019.28
104857,64,2048,4096,6986.44
26214,64,512,4096,6616.8
26214,64,512,4096,6561.97
26214,64,512,4096,6638.17
26214,64,512,4096,6496.47
104857,256,512,4096,7924.37
104857,64,2048,4096,6803.33
26214,64,512,4096,6401.59
26214,64,512,4096,6587.73
26214,64,512,4096,6629.25
26214,64,512,4096,6638.5
104857,256,512,4096,7983.59
104857,64,2048,4096,6810.63
26214,64,512,4096,6587.02
26214,64,512,4096,6412.17
26214,64,512,4096,6672.45
26214,64,512,4096,6381.81
104857,256,512,4096,7957.41
104857,64,2048,4096,6695.73
26214,64,512,4096,6640.27
26214,64,512,4096,6689.21
26214,64,512,4096,6752.89
26214,64,512,4096,6547.82
104857,256,512,4096,7987.74
104857,64,2048,4096,6644.84
26214,64,512,4096,6746.95
26214,64,512,4096,6545.74
26214,64,512,4096,6728.28
26214,64,512,4096,6580.72
104857,256,512,4096,7909.07
104857,64,2048,4096,6941.92
26214,64,512,4096,6534.33
26214,64,512,4096,6869.42
26214,64,512,4096,6752.41
26214,64,512,4096,6801.75
13107,64,512,4096,4394.66
13107,64,512,4096,4565.79
13107,64,512,4096,4426.76
13107,64,512,4096,4387.22
52428,256,512,4096,5038.12
52428,64,2048,4096,4647.42
13107,64,512,4096,4398.12
13107,64,512,4096,4340.32
13107,64,512,4096,4370.45
13107,64,512,4096,4403.06
13107,64,512,4096,4432.17
13107,64,512,4096,4506.22
13107,64,512,4096,4345.4
13107,64,512,4096,4428.66
52428,256,512,4096,5076.88
52428,64,2048,4096,4734.69
13107,64,512,4096,4360.74
13107,64,512,4096,4385.42
13107,64,512,4096,4377.86
13107,64,512,4096,4311.98
13107,64,512,4096,4360.17
13107,64,512,4096,4475.02
13107,64,512,4096,4442.85
13107,64,512,4096,4532.21
52428,256,512,4096,5053.84
52428,64,2048,4096,4575.63
13107,64,512,4096,4560.88
13107,64,512,4096,4594.16
13107,64,512,4096,4554.78
13107,64,512,4096,4631.52
13107,64,512,4096,4559.83
13107,64,512,4096,4581.09
13107,64,512,4096,4544.27
13107,64,512,4096,4501.92
52428,256,512,4096,5127.18
52428,64,2048,4096,4676.32
13107,64,512,4096,4284.1
13107,64,512,4096,4365.62
13107,64,512,4096,4421.77
13107,64,512,4096,4281.48
13107,64,512,4096,4168.92
13107,64,512,4096,4478.31
13107,64,512,4096,4397.34
13107,64,512,4096,4337.46
52428,256,512,4096,5015.28
52428,64,2048,4096,4622.98
13107,64,512,4096,4540.52
13107,64,512,4096,4489.63
13107,64,512,4096,4423.2
13107,64,512,4096,4586.63
13107,64,512,4096,4467.55
13107,64,512,4096,4520.27
13107,64,512,4096,3938.11
13107,64,512,4096,4241.19
52428,256,512,4096,5020.2
52428,64,2048,4096,4630.92
13107,64,512,4096,4155.36
13107,64,512,4096,4504.4
13107,64,512,4096,4411.02
13107,64,512,4096,4520.03
52428,256,512,4096,5058.74
52428,64,2048,4096,4718.76
13107,64,512,4096,4571.79
13107,64,512,4096,4504.13
13107,64,512,4096,4589.74
13107,64,512,4096,4552.59
52428,256,512,4096,5071
52428,64,2048,4096,4676.14
13107,64,512,4096,4509.85
13107,64,512,4096,4378.61
13107,64,512,4096,4413.74
13107,64,512,4096,4520.54
52428,256,512,4096,5105.46
52428,64,2048,4096,4526.35
13107,64,512,4096,4363.15
13107,64,512,4096,4257.01
13107,64,512,4096,4436.21
13107,64,512,4096,4412.93
52428,256,512,4096,5013.39
52428,64,2048,4096,4711.62
13107,64,512,4096,4463.41
13107,64,512,4096,4442.88
13107,64,512,4096,4428.51
13107,64,512,4096,4457.49
52428,256,512,4096,5117.16
52428,64,2048,4096,4651.14
13107,64,512,4096,4361.48
13107,64,512,4096,4388.77
13107,64,512,4096,4331.27
13107,64,512,4096,4402.13
52428,256,512,4096,5073.29
52428,64,2048,4096,4662.09
13107,64,512,4096,4378.24
13107,64,512,4096,4493.9
13107,64,512,4096,4513.64
13107,64,512,4096,4349.91
5242,64,512,4096,3010.61
5242,64,512,4096,3042.31
5242,64,512,4096,2922.4
5242,64,512,4096,3072.79
20971,256,512,4096,3846.72
20971,64,2048,4096,3578.85
5242,64,512,4096,3025.41
5242,64,512,4096,3065.77
5242,64,512,4096,3078.96
5242,64,512,4096,3042.45
5242,64,512,4096,3005.32
5242,64,512,4096,3103.28
5242,64,512,4096,2940.71
5242,64,512,4096,3064.58
20971,256,512,4096,3861.38
20971,64,2048,4096,3672.97
5242,64,512,4096,2946.26
5242,64,512,4096,2908.24
5242,64,512,4096,2956.42
5242,64,512,4096,2953.69
5242,64,512,4096,2928.2
5242,64,512,4096,2935.37
5242,64,512,4096,2964.29
5242,64,512,4096,2918.04
20971,256,512,4096,3780.93
20971,64,2048,4096,3516.89
5242,64,512,4096,2890.92
5242,64,512,4096,3007.17
5242,64,512,4096,2949.18
5242,64,512,4096,2857.49
5242,64,512,4096,2899.57
5242,64,512,4096,2919.73
5242,64,512,4096,2959.59
5242,64,512,4096,2926.48
20971,256,512,4096,3770.97
20971,64,2048,4096,3546.43
5242,64,512,4096,2798.09
5242,64,512,4096,2937.94
5242,64,512,4096,2980.52
5242,64,512,4096,2842
5242,64,512,4096,2915.76
5242,64,512,4096,2956.75
5242,64,512,4096,2992.05
5242,64,512,4096,2962.72
20971,256,512,4096,3764.73
20971,64,2048,4096,3519.31
5242,64,512,4096,2898.94
5242,64,512,4096,2909.63
5242,64,512,4096,2943.97
5242,64,512,4096,3104.82
5242,64,512,4096,3071.63
5242,64,512,4096,3014.06
5242,64,512,4096,3077.69
5242,64,512,4096,3084.41
20971,256,512,4096,3844.02
20971,64,2048,4096,3585.85
5242,64,512,4096,3022.1
5242,64,512,4096,2943.23
5242,64,512,4096,3043.52
5242,64,512,4096,3031.01
20971,256,512,4096,3840.31
20971,64,2048,4096,3493.78
5242,64,512,4096,2966.85
5242,64,512,4096,2923.67
5242,64,512,4096,2883.56
5242,64,512,4096,2848.15
20971,256,512,4096,3774.63
20971,64,2048,4096,3623.93
5242,64,512,4096,2932.74
5242,64,512,4096,2889.24
5242,64,512,4096,2911.84
5242,64,512,4096,2967.05
20971,256,512,4096,3775.9
20971,64,2048,4096,3681.05
5242,64,512,4096,3014.43
5242,64,512,4096,3047.32
5242,64,512,4096,3089.67
5242,64,512,4096,3041.49
20971,256,512,4096,3808.55
20971,64,2048,4096,3417.15
5242,64,512,4096,2956.88
5242,64,512,4096,3035.98
5242,64,512,4096,2698.1
5242,64,512,4096,2936.34
20971,256,512,4096,3768.88
20971,64,2048,4096,3589.72
5242,64,512,4096,2909.09
5242,64,512,4096,2834.14
5242,64,512,4096,2951.9
5242,64,512,4096,2933.96
20971,256,512,4096,3783.13
20971,64,2048,4096,3537.62
5242,64,512,4096,2943.29
5242,64,512,4096,2976.56
5242,64,512,4096,2982.94
5242,64,512,4096,2842.48
144656,64,512,4096,27231.6
145219,64,512,4096,26914.1
143086,64,512,4096,26921.9
134140,64,512,4096,25517
617373,256,512,4096,35170.5
511909,64,2048,4096,26582
152784,64,512,4096,28918.9
177501,64,512,4096,33403.5
138819,64,512,4096,26311.9
175788,64,512,4096,33043.7
148318,64,512,4096,28003.6
146820,64,512,4096,27533.4
139898,64,512,4096,26316
135158,64,512,4096,25682.9
605239,256,512,4096,34124.4
498916,64,2048,4096,25833.1
135302,64,512,4096,25372.6
167130,64,512,4096,30904.8
127129,64,512,4096,23772.8
160282,64,512,4096,29691.9
137228,64,512,4096,25498
141001,64,512,4096,26030.4
127709,64,512,4096,23802.4
127997,64,512,4096,23899.1
614701,256,512,4096,34837
495116,64,2048,4096,25582.8
141404,64,512,4096,26296.3
162547,64,512,4096,30086.5
133241,64,512,4096,24955.1
157924,64,512,4096,29219.8
140148,64,512,4096,26010
155781,64,512,4096,28830.2
131610,64,512,4096,24585.1
141524,64,512,4096,26579.6
622718,256,512,4096,35203.9
500156,64,2048,4096,25956.2
145809,64,512,4096,26867.2
161899,64,512,4096,29864.3
134961,64,512,4096,25278.9
157923,64,512,4096,29491
144846,64,512,4096,26861
169827,64,512,4096,31034.6
137419,64,512,4096,25701.2
157723,64,512,4096,29755.9
638805,256,512,4096,36167.7
520728,64,2048,4096,26989.1
138115,64,512,4096,26157.1
151839,64,512,4096,28687.3
128572,64,512,4096,24470.9
149774,64,512,4096,28201.4
147527,64,512,4096,27738.5
166724,64,512,4096,31315.6
145068,64,512,4096,26956.7
157919,64,512,4096,29404.8
662743,256,512,4096,37444.7
529525,64,2048,4096,27369.3
123866,64,512,4096,23434.4
147677,64,512,4096,27673.7
110753,64,512,4096,20873.5
145625,64,512,4096,27473.6
485342,256,512,4096,27720.6
372276,64,2048,4096,19439.3
137762,64,512,4096,26127.3
152588,64,512,4096,28872.2
124825,64,512,4096,23800.6
152847,64,512,4096,28687.1
472169,256,512,4096,26936.4
364688,64,2048,4096,19972.1
105892,64,512,4096,19785.5
152424,64,512,4096,28277.3
96613,64,512,4096,17274
141359,64,512,4096,26302.3
498329,256,512,4096,28233.9
374306,64,2048,4096,20049.4
111037,64,512,4096,19836
141993,64,512,4096,26342.1
105115,64,512,4096,17339.2
131116,64,512,4096,24715.2
521358,256,512,4096,29613.7
382228,64,2048,4096,19892.7
112897,64,512,4096,21040.1
135583,64,512,4096,25563.7
105657,64,512,4096,19296.5
124591,64,512,4096,23248.5
524195,256,512,4096,29803.3
379576,64,2048,4096,19770.4
123414,64,512,4096,23150.7
142424,64,512,4096,26597.9
114404,64,512,4096,21185.9
133618,64,512,4096,24992.4
518126,256,512,4096,29377.7
360766,64,2048,4096,18760.1
127963,64,512,4096,23925.7
137811,64,512,4096,25766.3
119801,64,512,4096,22434.2
131226,64,512,4096,24585
110054,64,512,4096,19333.5
100849,64,512,4096,19318.1
69340,64,512,4096,12954
69926,64,512,4096,12796.3
520881,256,512,4096,29501.9
420270,64,2048,4096,21522.9
176573,64,512,4096,33142.2
164906,64,512,4096,30921.8
119346,64,512,4096,20984.1
163179,64,512,4096,30714.7
131179,64,512,4096,24854.5
106332,64,512,4096,20118.8
80702,64,512,4096,13760.8
75910,64,512,4096,13210.4
434108,256,512,4096,24847.3
364167,64,2048,4096,18956
115824,64,512,4096,21379.1
118372,64,512,4096,22376.7
73184,64,512,4096,12977
95756,64,512,4096,15994.1
132447,64,512,4096,25310.6
106685,64,512,4096,20207.3
85843,64,512,4096,14472.6
78662,64,512,4096,13578
451905,256,512,4096,25686.3
377715,64,2048,4096,19402.1
131164,64,512,4096,24452.3
130939,64,512,4096,24509
81929,64,512,4096,14407.8
114764,64,512,4096,21279.6
133557,64,512,4096,24963.8
114906,64,512,4096,21455.2
86931,64,512,4096,15946.3
87415,64,512,4096,15655.8
480220,256,512,4096,27444.5
389027,64,2048,4096,19942.7
144587,64,512,4096,27121.4
131025,64,512,4096,24175.9
92656,64,512,4096,17086.2
115987,64,512,4096,21609
144703,64,512,4096,26802
128707,64,512,4096,23991.2
97146,64,512,4096,17942.2
100981,64,512,4096,18847.5
519534,256,512,4096,29676.4
435213,64,2048,4096,21668.2
151362,64,512,4096,28362.3
131393,64,512,4096,24688.2
95590,64,512,4096,17936
119793,64,512,4096,22751.6
145197,64,512,4096,27441.9
145080,64,512,4096,27257.6
101998,64,512,4096,18712.1
112628,64,512,4096,20744
562881,256,512,4096,32026.2
463789,64,2048,4096,23585
130724,64,512,4096,24390.6
106538,64,512,4096,19671.8
68242,64,512,4096,12929
94758,64,512,4096,17520.7
464225,256,512,4096,26313.6
348379,64,2048,4096,19401.6
157973,64,512,4096,29346.4
128921,64,512,4096,24034.3
96673,64,512,4096,16015.5
122165,64,512,4096,22912.7
225571,256,512,4096,13901.3
205326,64,2048,4096,13350.6
65235,64,512,4096,11879
83880,64,512,4096,16792.9
37002,64,512,4096,8290.57
58084,64,512,4096,11301.2
281342,256,512,4096,17406.7
253598,64,2048,4096,14721.1
84469,64,512,4096,15392.6
98998,64,512,4096,18613.8
45258,64,512,4096,9101.13
74105,64,512,4096,13028.2
291371,256,512,4096,17824
256402,64,2048,4096,15361
109587,64,512,4096,20748.7
99608,64,512,4096,18692.4
60842,64,512,4096,11786.7
76770,64,512,4096,13294.5
301623,256,512,4096,18054.6
236448,64,2048,4096,14266
116101,64,512,4096,21604.3
93737,64,512,4096,17624.9
69341,64,512,4096,12000.6
72872,64,512,4096,12761.2
266304,256,512,4096,16186.2
179846,64,2048,4096,12175.1
118976,64,512,4096,22172.2
87654,64,512,4096,16139.5
69802,64,512,4096,11995.5
68146,64,512,4096,12072
69048,64,512,4096,13049.3
70699,64,512,4096,14287.4
55824,64,512,4096,10867.3
51977,64,512,4096,10371.1
440834,256,512,4096,25041.1
349724,64,2048,4096,18011.3
142988,64,512,4096,26897.5
140146,64,512,4096,26673.6
102718,64,512,4096,19021.8
144324,64,512,4096,27327.4
90907,64,512,4096,15577.3
79001,64,512,4096,14410.9
71333,64,512,4096,12419.8
59864,64,512,4096,11055.4
350127,256,512,4096,19646.6
278118,64,2048,4096,15091.3
77453,64,512,4096,13503.8
97490,64,512,4096,18141.9
58782,64,512,4096,10605.3
79224,64,512,4096,14736.5
72798,64,512,4096,12524
80140,64,512,4096,14796.7
60387,64,512,4096,10695.9
59524,64,512,4096,10772.2
377531,256,512,4096,21639.9
301616,64,2048,4096,16354.1
85602,64,512,4096,14362.5
106244,64,512,4096,20059.4
64319,64,512,4096,11428.8
92139,64,512,4096,16941.3
80374,64,512,4096,15241.6
91729,64,512,4096,17283.8
68532,64,512,4096,13235.4
70060,64,512,4096,13096.6
413100,256,512,4096,23675.6
326865,64,2048,4096,17150.4
100219,64,512,4096,18764.2
112406,64,512,4096,21037.3
76218,64,512,4096,14274
99957,64,512,4096,18865.6
89251,64,512,4096,16581.7
113306,64,512,4096,21353.5
75834,64,512,4096,13910
88878,64,512,4096,15824.1
454699,256,512,4096,25823.1
370593,64,2048,4096,18790
99341,64,512,4096,18647.5
113026,64,512,4096,21239.7
75788,64,512,4096,14467.7
103039,64,512,4096,19428.9
95971,64,512,4096,18133.1
126777,64,512,4096,24219.5
84980,64,512,4096,13145.3
99415,64,512,4096,18345.7
483495,256,512,4096,27405.4
392291,64,2048,4096,19799.6
78700,64,512,4096,14574
89338,64,512,4096,16859
60344,64,512,4096,10121.1
81600,64,512,4096,14611.5
377485,256,512,4096,21526.1
263284,64,2048,4096,14644.3
125652,64,512,4096,23687.8
98723,64,512,4096,18395
91651,64,512,4096,15617.4
101724,64,512,4096,19214.9
139876,256,512,4096,8340.46
104165,64,2048,4096,8736.87
40729,64,512,4096,8314.46
59136,64,512,4096,11610.9
32292,64,512,4096,7104.65
38547,64,512,4096,8122.61
194581,256,512,4096,12660.3
150283,64,2048,4096,9903.83
42786,64,512,4096,8841.08
66156,64,512,4096,13050.8
33491,64,512,4096,7418.4
47033,64,512,4096,9535.9
247017,256,512,4096,15737.7
179358,64,2048,4096,10530.3
55210,64,512,4096,9983.16
68722,64,512,4096,13560.8
40973,64,512,4096,8316.09
52095,64,512,4096,10057.3
248270,256,512,4096,15622.9
172574,64,2048,4096,10327.4
71451,64,512,4096,12527.9
73260,64,512,4096,14347.4
54975,64,512,4096,10271.9
59423,64,512,4096,10865.1
222621,256,512,4096,14070.5
136351,64,2048,4096,9038.12
74612,64,512,4096,12459.3
68003,64,512,4096,13163.8
58713,64,512,4096,10527.6
55485,64,512,4096,10390.1
55839,64,512,4096,11880.5
47152,64,512,4096,12652
40749,64,512,4096,9607.75
31688,64,512,4096,8463.44
246942,256,512,4096,15430.7
187181,64,2048,4096,11903.6
108105,64,512,4096,18418.9
107497,64,512,4096,20325.2
65349,64,512,4096,11586.2
112066,64,512,4096,19711.7
53552,64,512,4096,10363.6
46022,64,512,4096,11168.5
38979,64,512,4096,8449.34
28332,64,512,4096,6277.04
181465,256,512,4096,11373.6
138731,64,2048,4096,9995.14
44787,64,512,4096,9446.09
56702,64,512,4096,12352.2
30654,64,512,4096,7356.39
40235,64,512,4096,8882.14
49209,64,512,4096,9544.76
55295,64,512,4096,11533
37240,64,512,4096,7988.3
33400,64,512,4096,7374.15
209478,256,512,4096,13398.6
170877,64,2048,4096,11162.3
59402,64,512,4096,10900.7
78627,64,512,4096,14823.9
40400,64,512,4096,8240.62
58892,64,512,4096,10198.3
51857,64,512,4096,9727.52
60576,64,512,4096,12091.5
42887,64,512,4096,8456.24
40323,64,512,4096,8223.58
249613,256,512,4096,15387.7
196462,64,2048,4096,12092.8
65126,64,512,4096,11549.5
73887,64,512,4096,14219.4
44367,64,512,4096,8691.15
60688,64,512,4096,11062.5
60021,64,512,4096,11084.6
83964,64,512,4096,15358.8
47934,64,512,4096,9081.7
56646,64,512,4096,10270.5
302452,256,512,4096,17793.1
246814,64,2048,4096,13800.1
65341,64,512,4096,12172.3
81599,64,512,4096,15209.4
45839,64,512,4096,8752.01
66444,64,512,4096,11421.9
63673,64,512,4096,11700.5
94580,64,512,4096,17623.7
54191,64,512,4096,9929.67
65642,64,512,4096,11682.8
343356,256,512,4096,19699.9
257197,64,2048,4096,13962.5
41783,64,512,4096,8302.15
52641,64,512,4096,10855.8
29547,64,512,4096,6887.36
42360,64,512,4096,8381.54
216719,256,512,4096,13586.7
149618,64,2048,4096,10544.5
81604,64,512,4096,13862.3
64242,64,512,4096,12189.7
43030,64,512,4096,8585.24
61783,64,512,4096,11232.3
48481,256,512,4096,4379.8
38360,64,2048,4096,6591.89
18164,64,512,4096,5411.08
29508,64,512,4096,9484.18
13422,64,512,4096,4642.1
18682,64,512,4096,5577.37
101911,256,512,4096,6561.54
82333,64,2048,4096,8269.03
19741,64,512,4096,5953.23
38241,64,512,4096,8739.04
15129,64,512,4096,4993.1
25640,64,512,4096,6986.52
114133,256,512,4096,7094.24
85304,64,2048,4096,8128.56
36347,64,512,4096,7691.09
44755,64,512,4096,10452
25265,64,512,4096,6199.62
30012,64,512,4096,7026.9
115983,256,512,4096,6916.38
83975,64,2048,4096,8298.37
48912,64,512,4096,9518.23
44247,64,512,4096,9859.8
33185,64,512,4096,7386.09
27808,64,512,4096,6496.52
83494,256,512,4096,5282.17
48292,64,2048,4096,6081.92
42541,64,512,4096,8645.69
43863,64,512,4096,9782.66
30263,64,512,4096,7102.17
31688,64,512,4096,7139.64
34247,64,512,4096,9723.21
19404,64,512,4096,9091.78
16396,64,512,4096,5588.19
11969,64,512,4096,3945.59
104673,256,512,4096,6529.25
81975,64,2048,4096,7706.62
97078,64,512,4096,18067.1
69893,64,512,4096,13524.6
25760,64,512,4096,6439.69
69617,64,512,4096,12584.1
48869,64,512,4096,9546.22
21820,64,512,4096,7955.62
15338,64,512,4096,4811.84
10662,64,512,4096,3946.27
41663,256,512,4096,4127.51
36012,64,2048,4096,7162.37
42364,64,512,4096,8841.49
32657,64,512,4096,8680.9
13187,64,512,4096,4393.04
17178,64,512,4096,5232.61
50871,64,512,4096,10627.1
27364,64,512,4096,8345.61
15168,64,512,4096,4919.99
13381,64,512,4096,4495.75
52212,256,512,4096,4475.47
48390,64,2048,4096,7833.2
55223,64,512,4096,10207.6
42626,64,512,4096,9292.33
15872,64,512,4096,4800.94
24727,64,512,4096,6088.53
54011,64,512,4096,10186.3
38147,64,512,4096,8928.67
17464,64,512,4096,5088.76
16461,64,512,4096,4784.98
72869,256,512,4096,5244.59
71587,64,2048,4096,8520.42
66349,64,512,4096,11566
49036,64,512,4096,10384.2
18628,64,512,4096,5096.79
30148,64,512,4096,6790.45
63533,64,512,4096,11142.6
47347,64,512,4096,9329.14
19514,64,512,4096,5332.8
23243,64,512,4096,6278.67
100398,256,512,4096,6465.48
85572,64,2048,4096,7817.77
58607,64,512,4096,11380.7
37223,64,512,4096,8067.57
14595,64,512,4096,4745.59
23119,64,512,4096,5988.5
70285,64,512,4096,13266.3
56422,64,512,4096,10996.6
21842,64,512,4096,5878.94
27155,64,512,4096,7316.36
130289,256,512,4096,8193.47
90678,64,2048,4096,7475.92
48564,64,512,4096,9277.66
26377,64,512,4096,6959.05
9201,64,512,4096,3691.88
16237,64,512,4096,4650.74
58872,256,512,4096,4512.44
55804,64,2048,4096,7460.5
69433,64,512,4096,13057.8
57004,64,512,4096,12306.1
12532,64,512,4096,4457.71
53312,64,512,4096,11798.2
19051,256,512,4096,3457.64
20119,64,2048,4096,6896.35
10834,64,512,4096,4080.16
21594,64,512,4096,8867.26
3649,64,512,4096,2492.55
14972,64,512,4096,5366.24
19537,256,512,4096,3533.61
20744,64,2048,4096,7242.08
32975,64,512,4096,7672.17
19159,64,512,4096,9028.8
8520,64,512,4096,3710.21
9463,64,512,4096,3939.33
21054,256,512,4096,3663.78
21606,64,2048,4096,6938.9
19284,64,512,4096,5319.72
16852,64,512,4096,7166.01
5429,64,512,4096,2935.61
8863,64,512,4096,3661.9
20900,256,512,4096,3663.67
18007,64,2048,4096,5431.33
29744,64,512,4096,6853.03
15941,64,512,4096,6495.46
7369,64,512,4096,3438.94
9554,64,512,4096,3862.77
16100,256,512,4096,3433.82
9871,64,2048,4096,4706.74
32053,64,512,4096,7351.68
18132,64,512,4096,6088.72
7471,64,512,4096,3480.68
12811,64,512,4096,4508.81
17538,64,512,4096,6440.03
9689,64,512,4096,5902.44
9630,64,512,4096,4089.48
5732,64,512,4096,3104.14
49727,256,512,4096,4507.33
41575,64,2048,4096,5742.76
60339,64,512,4096,11561.2
33846,64,512,4096,9280.77
10762,64,512,4096,3762.81
34845,64,512,4096,9211.62
27165,64,512,4096,7354.74
12022,64,512,4096,5995.32
7018,64,512,4096,3521.14
4981,64,512,4096,3024.76
18329,256,512,4096,3548
18724,64,2048,4096,5870.6
20384,64,512,4096,5967.05
20795,64,512,4096,6766.94
5704,64,512,4096,3033.78
9461,64,512,4096,3849.94
21954,64,512,4096,5725.16
12498,64,512,4096,5456.91
5460,64,512,4096,2531.79
4860,64,512,4096,2931.95
19355,256,512,4096,3594.81
20125,64,2048,4096,5854.88
29397,64,512,4096,6372.5
26491,64,512,4096,6784.48
6978,64,512,4096,3431.04
12252,64,512,4096,4424.01
23425,64,512,4096,6249.04
20550,64,512,4096,6172.91
6200,64,512,4096,3304.39
7340,64,512,4096,3546.5
25190,256,512,4096,3740.01
29575,64,2048,4096,6060.04
33448,64,512,4096,7311.45
35320,64,512,4096,7888.1
8490,64,512,4096,3337.72
16466,64,512,4096,5025.81
25495,64,512,4096,6324.65
36244,64,512,4096,7499.14
7017,64,512,4096,3487.22
11888,64,512,4096,4557.49
33082,256,512,4096,3929.72
44738,64,2048,4096,7387.01
25079,64,512,4096,6178.23
31458,64,512,4096,7688.47
6391,64,512,4096,3374.99
14370,64,512,4096,4452.28
44130,64,512,4096,8975
37424,64,512,4096,7859.48
10100,64,512,4096,4010.71
15476,64,512,4096,5515.3
42127,256,512,4096,4264.83
29857,64,2048,4096,5150.2
18768,64,512,4096,5136.09
14559,64,512,4096,4881.7
3701,64,512,4096,2628.86
9011,64,512,4096,3869.53
26707,256,512,4096,3725.75
26895,64,2048,4096,5669.94
46041,64,512,4096,9383.59
39819,64,512,4096,8862.94
5371,64,512,4096,2709.82
35052,64,512,4096,8551.51
3789,256,512,4096,1896.15
3298,64,2048,4096,2720.22
10357,64,512,4096,3876.39
5954,64,512,4096,4432.24
2109,64,512,4096,1747.77
2920,64,512,4096,2019.97
3678,256,512,4096,1776.26
3035,64,2048,4096,2643.17
3920,64,512,4096,2430.03
6539,64,512,4096,4488.73
1294,64,512,4096,1276.97
3906,64,512,4096,2493.67
6591,256,512,4096,2675.81
6228,64,2048,4096,3803.13
10973,64,512,4096,4060.29
10235,64,512,4096,5381.36
2888,64,512,4096,2158.53
6614,64,512,4096,3282.58
5856,256,512,4096,2483.68
5056,64,2048,4096,3515.31
21060,64,512,4096,5781.53
9576,64,512,4096,5241.17
4067,64,512,4096,2695.57
4228,64,512,4096,2729.08
4933,256,512,4096,2336.71
2797,64,2048,4096,2533.02
16062,64,512,4096,4988.92
8583,64,512,4096,4398.68
3442,64,512,4096,2541.61
6578,64,512,4096,3248.12
0,64,512,4096,0
929,64,512,4096,988.647
0,64,512,4096,0
246,64,512,4096,292.333
14047,256,512,4096,3406.28
20596,64,2048,4096,6136.5
22905,64,512,4096,5766.1
27236,64,512,4096,8335.12
5473,64,512,4096,2633.48
25435,64,512,4096,7676.72
0,64,512,4096,0
77,64,512,4096,100.387
0,64,512,4096,0
19,64,512,4096,25.803
1932,256,512,4096,1078.77
1833,64,2048,4096,2055.44
8299,64,512,4096,3620.38
20258,64,512,4096,6899.97
4656,64,512,4096,2693.76
6968,64,512,4096,3293.93
39,64,512,4096,47.9193
6,64,512,4096,7.53051
8,64,512,4096,9.95721
20,64,512,4096,24.3571
1005,256,512,4096,586.245
960,64,2048,4096,1112.46
15889,64,512,4096,4688.37
26465,64,512,4096,7568.56
4629,64,512,4096,2866.39
9380,64,512,4096,3950.36
2992,64,512,4096,2145.76
1844,64,512,4096,2176.06
640,64,512,4096,759.203
401,64,512,4096,308.452
1423,256,512,4096,838.175
1698,64,2048,4096,1996.73
13471,64,512,4096,4303.27
25799,64,512,4096,7470.9
5084,64,512,4096,2748.28
10880,64,512,4096,4097
10658,64,512,4096,4331.46
7785,64,512,4096,4708.98
5360,64,512,4096,2893.78
2762,64,512,4096,1928.89
1185,256,512,4096,618.71
1198,64,2048,4096,1319.26
4459,64,512,4096,2489.18
4413,64,512,4096,3297.61
1897,64,512,4096,1641.18
1883,64,512,4096,1731.28
30410,64,512,4096,7414.68
23696,64,512,4096,8125.35
14210,64,512,4096,4931.62
7168,64,512,4096,3647.55
1373,256,512,4096,779.948
1671,64,2048,4096,2042.38
5531,64,512,4096,3411.97
2353,64,512,4096,2543.73
2904,64,512,4096,2272.88
743,64,512,4096,884.379
0,256,512,4096,0
0,64,2048,4096,0
9554,64,512,4096,3827.23
19357,64,512,4096,6235.16
5442,64,512,4096,2902.37
13274,64,512,4096,4966.89
0,256,512,4096,0
0,64,2048,4096,0
1670,64,512,4096,1478.72
1644,64,512,4096,1779.63
1203,64,512,4096,1107.12
301,64,512,4096,342.928
159,256,512,4096,92.7609
274,64,2048,4096,352.509
87,64,512,4096,115.253
193,64,512,4096,244.376
15,64,512,4096,20.3401
19,64,512,4096,25.9089
0,256,512,4096,0
0,64,2048,4096,0
0,64,512,4096,0
0,64,512,4096,0
0,64,512,4096,0
0,64,512,4096,0
0,256,512,4096,0
0,64,2048,4096,0
0,64,512,4096,0
0,64,512,4096,0
0,64,512,4096,0
0,64,512,4096,0
0,256,512,4096,0
0,64,2048,4096,0
0,64,512,4096,0
0,64,512,4096,0
0,64,512,4096,0
0,64,512,4096,0
